  0.50166666666666671        312.68890852849569     
  0.50333333333333330        312.68173288550997     
  0.50500000000000000        312.59165830422478     
  0.50666666666666671        312.58420447688223     
  0.50833333333333330        312.49440807995387     
  0.51000000000000001        312.48667606825450     
  0.51166666666666671        312.39715785568296     
  0.51333333333333331        312.38914765962676     
  0.51500000000000001        312.29990763141205     
  0.51666666666666672        312.29161925099902     
  0.51833333333333331        312.20265740714120     
  0.52000000000000002        312.19409084237134     
  0.52166666666666661        312.10540718287035     
  0.52333333333333332        312.09656243374371     
  0.52500000000000002        312.00815695859950     
  0.52666666666666662        311.99903402511609     
  0.52833333333333332        311.91090673432871     
  0.53000000000000003        311.90150561648841     
  0.53166666666666662        311.81365651005785     
  0.53333333333333333        311.80397720786073     
  0.53500000000000003        311.71640628578700     
  0.53666666666666663        311.70644879923304     
  0.53833333333333333        311.61915606151615     
  0.54000000000000004        311.60892039060542     
  0.54166666666666663        311.52190583724536     
  0.54333333333333333        311.51139198197774     
  0.54500000000000004        311.42465561297456     
  0.54666666666666663        311.41386357335011     
  0.54833333333333334        311.32740538870377     
  0.55000000000000004        311.31633516472255     
  0.55166666666666664        311.23015516443297     
  0.55333333333333334        311.21880675609492     
  0.55500000000000005        311.13290494016218     
  0.55666666666666664        311.12127834746730     
  0.55833333333333335        311.03565471589138     
  0.56000000000000005        311.02374993883967     
  0.56166666666666665        310.93840449162059     
  0.56333333333333335        310.92622153021205     
  0.56499999999999995        310.84115426734979     
  0.56666666666666665        310.82869312158442     
  0.56833333333333336        310.74390404307900     
  0.56999999999999995        310.73116471295680     
  0.57166666666666666        310.64665381880826     
  0.57333333333333336        310.63363630432917     
  0.57499999999999996        310.54940359453752     
  0.57666666666666666        310.53610789570155     
  0.57833333333333337        310.45215337026673     
  0.57999999999999996        310.43857948707392     
  0.58166666666666667        310.35490314599599     
  0.58333333333333337        310.34105107844630     
  0.58499999999999996        310.25765292172525     
  0.58666666666666667        310.24352266981873     
  0.58833333333333337        310.16040269745451     
  0.58999999999999997        310.14599426119111     
  0.59166666666666667        310.06315247318378     
  0.59333333333333338        310.04846585256354     
  0.59499999999999997        309.96590224891304     
  0.59666666666666668        309.95093744393603     
  0.59833333333333338        309.86865202464230     
  0.59999999999999998        309.85340903530846     
  0.60166666666666668        309.77140180037156     
  0.60333333333333339        309.75588062668089     
  0.60499999999999998        309.67415157610083     
  0.60666666666666669        309.65835221805332     
  0.60833333333333328        309.57690135183003     
  0.60999999999999999        309.56082380942576     
  0.61166666666666669        309.47965112755924     
  0.61333333333333329        309.46329540079819     
  0.61499999999999999        309.38240090328844     
  0.61666666666666670        309.36576699217062     
  0.61833333333333329        309.28515067901770     
  0.62000000000000000        309.26823858354305     
  0.62166666666666670        309.18790045474697     
  0.62333333333333329        309.17071017491548     
  0.62500000000000000        309.09065023047617     
  0.62666666666666671        309.07318176628792     
  0.62833333333333330        308.99340000620538     
  0.63000000000000000        308.97565335766035     
  0.63166666666666671        308.89614978193464     
  0.63333333333333330        308.87812494903278     
  0.63500000000000001        308.79889955766384     
  0.63666666666666671        308.78059654040521     
  0.63833333333333331        308.70164933339311     
  0.64000000000000001        308.68306813177765     
  0.64166666666666672        308.60439910912231     
  0.64333333333333331        308.58553972315008     
  0.64500000000000002        308.50714888485157     
  0.64666666666666661        308.48801131452251     
  0.64833333333333332        308.40989866058078     
  0.65000000000000002        308.39048290589500     
  0.65166666666666662        308.31264843631004     
  0.65333333333333332        308.29295449726749     
  0.65500000000000003        308.21539821203925     
  0.65666666666666662        308.19542608863998     
  0.65833333333333333        308.11814798776845     
  0.66000000000000003        308.09789768001247     
  0.66166666666666663        308.02089776349771     
  0.66333333333333333        308.00036927138490     
  0.66500000000000004        307.92364753922692     
  0.66666666666666663        307.90284086275739     
  0.66833333333333333        307.82639731495613     
  0.67000000000000004        307.80531245412993     
  0.67166666666666663        307.72914709068539     
  0.67333333333333334        307.70778404550242     
  0.67500000000000004        307.63189686641454     
  0.67666666666666664        307.61025563687491     
  0.67833333333333334        307.53464664214368     
  0.68000000000000005        307.51272722824740     
  0.68166666666666664        307.43739641787283     
  0.68333333333333335        307.41519881961989     
  0.68500000000000005        307.34014619360198     
  0.68666666666666665        307.31767041099238     
  0.68833333333333335        307.24289596933113     
  0.68999999999999995        307.22014200236481     
  0.69166666666666665        307.14564574506034     
  0.69333333333333336        307.12261359373724     
  0.69499999999999995        307.04839552078948     
  0.69666666666666666        307.02508518510967     
  0.69833333333333336        306.95114529651869     
  0.69999999999999996        306.92755677648216     
  0.70166666666666666        306.85389507224784     
  0.70333333333333337        306.83002836785460     
  0.70499999999999996        306.75664484797699     
  0.70666666666666667        306.73249995922703     
  0.70833333333333337        306.65939462370613     
  0.70999999999999996        306.63497155059946     
  0.71166666666666667        306.56214439943534     
  0.71333333333333337        306.53744314197189     
  0.71499999999999997        306.46489417516449     
  0.71666666666666667        306.43991473334432     
  0.71833333333333338        306.36764395089364     
  0.71999999999999997        306.34238632471681     
  0.72166666666666668        306.27039372662273     
  0.72333333333333338        306.24485791608919     
  0.72499999999999998        306.17314350235182     
  0.72666666666666668        306.14732950746162     
  0.72833333333333339        306.07589327808091     
  0.72999999999999998        306.04980109883405     
  0.73166666666666669        305.97864305381006     
  0.73333333333333328        305.95227269020648     
  0.73499999999999999        305.88139282953915     
  0.73666666666666669        305.85474428157892     
  0.73833333333333329        305.78414260526830     
  0.73999999999999999        305.75721587295135     
  0.74166666666666670        305.68689238099745     
  0.74333333333333329        305.65968746432378     
  0.74500000000000000        305.58964215672654     
  0.74666666666666670        305.56215905569621     
  0.74833333333333329        305.49239193245563     
  0.75000000000000000        305.46463064706865     
  0.75166666666666671        305.39514170818472     
  0.75333333333333330        305.36710223844108     
  0.75500000000000000        305.29789148391376     
  0.75666666666666671        305.26957382981351     
  0.75833333333333330        305.20064125964279     
  0.76000000000000001        305.17204542118594     
  0.76166666666666671        305.10339103537183     
  0.76333333333333331        305.07451701255837     
  0.76500000000000001        305.00614081110086     
  0.76666666666666672        304.97698860393081     
  0.76833333333333331        304.90889058682990     
  0.77000000000000002        304.87946019530324     
  0.77166666666666661        304.81164036255893     
  0.77333333333333332        304.78193178667567     
  0.77500000000000002        304.71439013828797     
  0.77666666666666662        304.68440337804810     
  0.77833333333333332        304.61713991401700     
  0.78000000000000003        304.58687496942048     
  0.78166666666666662        304.51988968974604     
  0.78333333333333333        304.48934656079291     
  0.78500000000000003        304.42263946547507     
  0.78666666666666663        304.39181815216534     
  0.78833333333333333        304.32538924120411     
  0.79000000000000004        304.29428974353777     
  0.79166666666666663        304.22813901693320     
  0.79333333333333333        304.19676133491021     
  0.79500000000000004        304.13088879266223     
  0.79666666666666663        304.09923292628264     
  0.79833333333333334        304.03363856839127     
  0.80000000000000004        304.00170451765507     
  0.80166666666666664        303.93638834412025     
  0.80333333333333334        303.90417610902745     
  0.80500000000000005        303.83913811984922     
  0.80666666666666664        303.80664770039982     
  0.80833333333333335        303.74188789557826     
  0.81000000000000005        303.70911929177220     
  0.81166666666666665        303.64463767130724     
  0.81333333333333335        303.61159088314463     
  0.81499999999999995        303.54738744703627     
  0.81666666666666665        303.51406247451700     
  0.81833333333333336        303.45013722276531     
  0.81999999999999995        303.41653406588938     
  0.82166666666666666        303.35288699849428     
  0.82333333333333336        303.31900565726176     
  0.82499999999999996        303.25563677422332     
  0.82666666666666666        303.22147724863413     
  0.82833333333333337        303.15838654995235     
  0.82999999999999996        303.12394884000651     
  0.83166666666666667        303.06113632568133     
  0.83333333333333337        303.02642043137888     
  0.83499999999999996        302.96388610141031     
  0.83666666666666667        302.92889202275126     
  0.83833333333333337        302.86663587713940     
  0.83999999999999997        302.83136361412363     
  0.84166666666666667        302.76938565286844     
  0.84333333333333338        302.73383520549601     
  0.84499999999999997        302.67213542859747     
  0.84666666666666668        302.63630679686844     
  0.84833333333333338        302.57488520432651     
  0.84999999999999998        302.53877838824081     
  0.85166666666666668        302.47763498005560     
  0.85333333333333339        302.44124997961319     
  0.85499999999999998        302.38038475578469     
  0.85666666666666669        302.34372157098562     
  0.85833333333333328        302.28313453151378     
  0.85999999999999999        302.24619316235800     
  0.86166666666666669        302.18588430724287     
  0.86333333333333329        302.14866475373037     
  0.86499999999999999        302.08863408297191     
  0.86666666666666670        302.05113634510280     
  0.86833333333333329        301.99138385870100     
  0.87000000000000000        301.95360793647524     
  0.87166666666666670        301.89413363443003     
  0.87333333333333329        301.85607952784767     
  0.87500000000000000        301.79688341015907     
  0.87666666666666671        301.75855111922010     
  0.87833333333333330        301.69963318588810     
  0.88000000000000000        301.66102271059248     
  0.88166666666666671        301.60238296161720     
  0.88333333333333330        301.56349430196491     
  0.88500000000000001        301.50513273734629     
  0.88666666666666671        301.46596589333734     
  0.88833333333333331        301.40788251307532     
  0.89000000000000001        301.36843748470977     
  0.89166666666666672        301.31063228880441     
  0.89333333333333331        301.27090907608215     
  0.89500000000000002        301.21338206453350     
  0.89666666666666661        301.17338066745452     
  0.89833333333333332        301.11613184026260     
  0.90000000000000002        301.07585225882690     
  0.90166666666666662        301.01888161599169     
  0.90333333333333332        300.97832385019933     
  0.90500000000000003        300.92163139172078     
  0.90666666666666662        300.88079544157171     
  0.90833333333333333        300.82438116744987     
  0.91000000000000003        300.78326703294414     
  0.91166666666666663        300.72713094317896     
  0.91333333333333333        300.68573862431657     
  0.91500000000000004        300.62988071890805     
  0.91666666666666663        300.58821021568895     
  0.91833333333333333        300.53263049463720     
  0.92000000000000004        300.49068180706132     
  0.92166666666666663        300.43538027036635     
  0.92333333333333334        300.39315339843375     
  0.92500000000000004        300.33813004609550     
  0.92666666666666664        300.29562498980619     
  0.92833333333333334        300.24087982182465     
  0.93000000000000005        300.19809658117862     
  0.93166666666666664        300.14362959755374     
  0.93333333333333335        300.10056817255105     
  0.93500000000000005        300.04637937328289     
  0.93666666666666665        300.00303976392348     
  0.93833333333333335        299.94912914901204     
  0.93999999999999995        299.90551135529591     
  0.94166666666666665        299.85187892474113     
  0.94333333333333336        299.80798294666835     
  0.94499999999999995        299.75462870047028     
  0.94666666666666666        299.71045453804078     
  0.94833333333333336        299.65737847619937     
  0.94999999999999996        299.61292612941321     
  0.95166666666666666        299.56012825192852     
  0.95333333333333337        299.51539772078564     
  0.95499999999999996        299.46287802765761     
  0.95666666666666667        299.41786931215807     
  0.95833333333333337        299.36562780338670     
  0.95999999999999996        299.32034090353051     
  0.96166666666666667        299.26837757911579     
  0.96333333333333337        299.22281249490300     
  0.96499999999999997        299.17112735484483     
  0.96666666666666667        299.12528408627549     
  0.96833333333333338        299.07387713057392     
  0.96999999999999997        299.02775567764797     
  0.97166666666666668        298.97662690630301     
  0.97333333333333338        298.93022726902046     
  0.97499999999999998        298.87937668203210     
  0.97666666666666668        298.83269886039295     
  0.97833333333333339        298.78212645776119     
  0.97999999999999998        298.73517045176538     
  0.98166666666666669        298.68487623349023     
  0.98333333333333328        298.63764204313782     
  0.98499999999999999        298.58762600921932     
  0.98666666666666669        298.54011363451025     
  0.98833333333333329        298.49037578494836     
  0.98999999999999999        298.44258522588268     
  0.99166666666666670        298.39312556067739     
  0.99333333333333329        298.34505681725511     
  0.99500000000000000        298.29587533640643     
  0.99666666666666670        298.24752840862755     
  0.99833333333333329        298.19862511213546     
   1.0000000000000000        298.14999999999998     
