   1.4285714285714286E-003   500.00000000000000     
   2.8571428571428571E-003   499.46353232415709     
   4.2857142857142859E-003   498.92968773949013     
   5.7142857142857143E-003   498.39059697247143     
   7.1428571428571426E-003   497.85937547898027     
   8.5714285714285719E-003   497.31766162078571     
   1.0000000000000000E-002   496.78906321847046     
   1.1428571428571429E-002   496.24472626910000     
   1.2857142857142857E-002   495.71875095796059     
   1.4285714285714285E-002   495.17179091741428     
   1.5714285714285715E-002   494.64843869745073     
   1.7142857142857144E-002   494.09885556572857     
   1.8571428571428572E-002   493.57812643694081     
   2.0000000000000000E-002   493.02592021404280     
   2.1428571428571429E-002   492.50781417643088     
   2.2857142857142857E-002   491.95298486235697     
   2.4285714285714285E-002   491.43750191592102     
   2.5714285714285714E-002   490.88004951067120     
   2.7142857142857142E-002   490.36718965541110     
   2.8571428571428571E-002   489.80711415898543     
   2.9999999999999999E-002   489.29687739490123     
   3.1428571428571431E-002   488.73417880729966     
   3.2857142857142856E-002   488.22656513439136     
   3.4285714285714287E-002   487.66124345561389     
   3.5714285714285712E-002   487.15625287388150     
   3.7142857142857144E-002   486.58830810392817     
   3.8571428571428569E-002   486.08594061337158     
   4.0000000000000001E-002   485.51537275224251     
   4.1428571428571426E-002   485.01562835286165     
   4.2857142857142858E-002   484.44243740055680     
   4.4285714285714282E-002   483.94531609235179     
   4.5714285714285714E-002   483.36950204887108     
   4.7142857142857146E-002   482.87500383184187     
   4.8571428571428571E-002   482.29656669718537     
   5.0000000000000003E-002   481.80469157133189     
   5.1428571428571428E-002   481.22363134549971     
   5.2857142857142859E-002   480.73437931082196     
   5.4285714285714284E-002   480.15069599381405     
   5.5714285714285716E-002   479.66406705031198     
   5.7142857142857141E-002   479.07776064212834     
   5.8571428571428573E-002   478.59375478980201     
   5.9999999999999998E-002   478.00482529044262     
   6.1428571428571430E-002   477.52344252929203     
   6.2857142857142861E-002   476.93188993875697     
   6.4285714285714279E-002   476.45313026878210     
   6.5714285714285711E-002   475.85895458707131     
   6.7142857142857143E-002   475.38281800827212     
   6.8571428571428575E-002   474.78601923538571     
   7.0000000000000007E-002   474.31250574776209     
   7.1428571428571425E-002   473.71308388370011     
   7.2857142857142856E-002   473.24219348725200     
   7.4285714285714288E-002   472.64014853201451     
   7.5714285714285720E-002   472.17188122674190     
   7.7142857142857138E-002   471.56721318032896     
   7.8571428571428570E-002   471.10156896623187     
   8.0000000000000002E-002   470.49427782864336     
   8.1428571428571433E-002   470.03125670572177     
   8.2857142857142851E-002   469.42134247695776     
   8.4285714285714283E-002   468.96094444521162     
   8.5714285714285715E-002   468.34840712527222     
   8.7142857142857147E-002   467.89063218470153     
   8.8571428571428565E-002   467.27547177358673     
   8.9999999999999997E-002   466.82031992419144     
   9.1428571428571428E-002   466.20253642190119     
   9.2857142857142860E-002   465.75000766368134     
   9.4285714285714292E-002   465.12960107021559     
   9.5714285714285710E-002   464.67969540317125     
   9.7142857142857142E-002   464.05666571852998     
   9.8571428571428574E-002   463.60938314266110     
  0.10000000000000001        462.98373036684438     
  0.10142857142857142        462.53907088215101     
  0.10285714285714286        461.91079501515878     
  0.10428571428571429        461.46875862164086     
  0.10571428571428572        460.83785966347324     
  0.10714285714285714        460.39844636113077     
  0.10857142857142857        459.76492431178769     
  0.11000000000000000        459.32813410062067     
  0.11142857142857143        458.69198896010209     
  0.11285714285714285        458.25782184011058     
  0.11428571428571428        457.61905360841655     
  0.11571428571428571        457.18750957960054     
  0.11714285714285715        456.54611825673101     
  0.11857142857142858        456.11719731909056     
  0.12000000000000000        455.47318290504541     
  0.12142857142857143        455.04688505858064     
  0.12285714285714286        454.40024755335980     
  0.12428571428571429        453.97657279807072     
  0.12571428571428572        453.32731220167420     
  0.12714285714285714        452.90626053756074     
  0.12857142857142856        452.25437684998860     
  0.13000000000000000        451.83594827705082     
  0.13142857142857142        451.18144149830300     
  0.13285714285714287        450.76563601654084     
  0.13428571428571429        450.10850614661740     
  0.13571428571428570        449.69532375603097     
  0.13714285714285715        449.03557079493180     
  0.13857142857142857        448.62501149552111     
  0.14000000000000001        447.96263544324614     
  0.14142857142857143        447.55469923501124     
  0.14285714285714285        446.88970009156048     
  0.14428571428571429        446.48438697450138     
  0.14571428571428571        445.81676473987483     
  0.14714285714285713        445.41407471399151     
  0.14857142857142858        444.74382938818917     
  0.14999999999999999        444.34376245348165     
  0.15142857142857144        443.67089403650351     
  0.15285714285714286        443.27345019297172     
  0.15428571428571428        442.59795868481791     
  0.15571428571428572        442.20313793246180     
  0.15714285714285714        441.52502333313231     
  0.15857142857142856        441.13282567195188     
  0.16000000000000000        440.45208798144665     
  0.16142857142857142        440.06251341144196     
  0.16285714285714287        439.37915262976099     
  0.16428571428571428        438.99220115093203     
  0.16571428571428570        438.30621727807534     
  0.16714285714285715        437.92188889042211     
  0.16857142857142857        437.23328192638962     
  0.17000000000000001        436.85157662991224     
  0.17142857142857143        436.16034657470396     
  0.17285714285714285        435.78126436940238     
  0.17428571428571429        435.08741122301831     
  0.17571428571428571        434.71095210889251     
  0.17714285714285713        434.01447587133265     
  0.17857142857142858        433.64063984838265     
  0.17999999999999999        432.94154051964694     
  0.18142857142857144        432.57032758787278     
  0.18285714285714286        431.86860516796128     
  0.18428571428571427        431.50001532736292     
  0.18571428571428572        430.79566981627556     
  0.18714285714285714        430.42970306685311     
  0.18857142857142858        429.72273446458991     
  0.19000000000000000        429.35939080634330     
  0.19142857142857142        428.64979911290425     
  0.19285714285714287        428.28907854583355     
  0.19428571428571428        427.57686376121865     
  0.19571428571428570        427.21876628532380     
  0.19714285714285715        426.50392840953305     
  0.19857142857142857        426.14845402481404     
  0.20000000000000001        425.43099305784750     
  0.20142857142857143        425.07814176430429     
  0.20285714285714285        424.35805770616184     
  0.20428571428571429        424.00782950379460     
  0.20571428571428571        423.28512235447619     
  0.20714285714285716        422.93751724328490     
  0.20857142857142857        422.21218700279059     
  0.20999999999999999        421.86720498277515     
  0.21142857142857144        421.13925165110498     
  0.21285714285714286        420.79689272226540     
  0.21428571428571427        420.06631629941933     
  0.21571428571428572        419.72658046175565     
  0.21714285714285714        418.99338094773373     
  0.21857142857142858        418.65626820124584     
  0.22000000000000000        417.92044559604813     
  0.22142857142857142        417.58595594073603     
  0.22285714285714286        416.84751024436252     
  0.22428571428571428        416.51564368022622     
  0.22571428571428570        415.77457489267687     
  0.22714285714285715        415.44533141971641     
  0.22857142857142856        414.70163954099121     
  0.23000000000000001        414.37501915920660     
  0.23142857142857143        413.62870418930561     
  0.23285714285714285        413.30470689869679     
  0.23428571428571429        412.55576883762001     
  0.23571428571428571        412.23439463818698     
  0.23714285714285716        411.48283348593441     
  0.23857142857142857        411.16408237767712     
  0.23999999999999999        410.40989813424886     
  0.24142857142857144        410.09377011716725     
  0.24285714285714285        409.33696278256326     
  0.24428571428571427        409.02345785665739     
  0.24571428571428572        408.26402743087760     
  0.24714285714285714        407.95314559614752     
  0.24857142857142858        407.19109207919195     
  0.25000000000000000        406.88283333563771     
  0.25142857142857145        406.11815672750629     
  0.25285714285714284        405.81252107512785     
  0.25428571428571428        405.04522137582069     
  0.25571428571428573        404.74220881461798     
  0.25714285714285712        403.97228602413509     
  0.25857142857142856        403.67189655410806     
  0.26000000000000001        402.89935067244949     
  0.26142857142857145        402.60158429359819     
  0.26285714285714284        401.82641532076394     
  0.26428571428571429        401.53127203308827     
  0.26571428571428574        400.75347996907840     
  0.26714285714285713        400.46095977257835     
  0.26857142857142857        399.68054461739280     
  0.27000000000000002        399.39064751206843     
  0.27142857142857141        398.60760926570725     
  0.27285714285714285        398.32033525155850     
  0.27428571428571430        397.53467391402165     
  0.27571428571428569        397.25002299104852     
  0.27714285714285714        396.46173856233611     
  0.27857142857142858        396.17971073053855     
  0.28000000000000003        395.38880321065062     
  0.28142857142857142        395.10939847002857     
  0.28285714285714286        394.31586785896508     
  0.28428571428571431        394.03908620951864     
  0.28571428571428570        393.24293250727953     
  0.28714285714285714        392.96877394900866     
  0.28857142857142859        392.16999715559399     
  0.28999999999999998        391.89846168849868     
  0.29142857142857143        391.09706180390839     
  0.29285714285714287        390.82814942798871     
  0.29428571428571426        390.02412645222279     
  0.29571428571428571        389.75783716747873     
  0.29714285714285715        388.95119110053719     
  0.29857142857142860        388.68752490696875     
  0.29999999999999999        387.87825574885159     
  0.30142857142857143        387.61721264645877     
  0.30285714285714288        386.80532039716599     
  0.30428571428571427        386.54690038594885     
  0.30571428571428572        385.73238504548038     
  0.30714285714285716        385.47658812543892     
  0.30857142857142855        384.65944969379478     
  0.31000000000000000        384.40627586492900     
  0.31142857142857144        383.58651434210918     
  0.31285714285714283        383.33596360441908     
  0.31428571428571428        382.51357899042353     
  0.31571428571428573        382.26565134390916     
  0.31714285714285712        381.44064363873792     
  0.31857142857142856        381.19533908339923     
  0.32000000000000001        380.36770828705227     
  0.32142857142857145        380.12502682288931     
  0.32285714285714284        379.29477293536661     
  0.32428571428571429        379.05471456237939     
  0.32571428571428573        378.22183758368095     
  0.32714285714285712        377.98440230186941     
  0.32857142857142857        377.14890223199529     
  0.33000000000000002        376.91409004135943     
  0.33142857142857141        376.07596688030964     
  0.33285714285714285        375.84377778084945     
  0.33428571428571430        375.00303152862398     
  0.33571428571428569        374.77346552033947     
  0.33714285714285713        373.93009617693832     
  0.33857142857142858        373.70315325982949     
  0.34000000000000002        372.85716082525266     
  0.34142857142857141        372.63284099931951     
  0.34285714285714286        371.78422547356695     
  0.34428571428571431        371.56252873880948     
  0.34571428571428570        370.71129012188123     
  0.34714285714285714        370.49221647829950     
  0.34857142857142859        369.63835477019558     
  0.34999999999999998        369.42190421778946     
  0.35142857142857142        368.56541941850992     
  0.35285714285714287        368.35159195727942     
  0.35428571428571426        367.49248406682426     
  0.35571428571428571        367.28127969676933     
  0.35714285714285715        366.41954871513855     
  0.35857142857142860        366.21096743625930     
  0.35999999999999999        365.34661336345289     
  0.36142857142857143        365.14065517574920     
  0.36285714285714288        364.27367801176729     
  0.36428571428571427        364.07034291523911     
  0.36571428571428571        363.20074266008163     
  0.36714285714285716        363.00003065472907     
  0.36857142857142855        362.12780730839603     
  0.37000000000000000        361.92971839421898     
  0.37142857142857144        361.05487195671043     
  0.37285714285714283        360.85940613370889     
  0.37428571428571428        359.98193660502488     
  0.37571428571428572        359.78909387319885     
  0.37714285714285717        358.90900125333928     
  0.37857142857142856        358.71878161268876     
  0.38000000000000000        357.83606590165374     
  0.38142857142857145        357.64846935217867     
  0.38285714285714284        356.76313054996814     
  0.38428571428571429        356.57815709166869     
  0.38571428571428573        355.69019519828254     
  0.38714285714285712        355.50784483115871     
  0.38857142857142857        354.61725984659705     
  0.39000000000000001        354.43753257064873     
  0.39142857142857140        353.54432449491156     
  0.39285714285714285        353.36722031013875     
  0.39428571428571429        352.47138914322602     
  0.39571428571428574        352.29690804962877     
  0.39714285714285713        351.39845379154053     
  0.39857142857142858        351.22659578911879     
  0.40000000000000002        350.32551843985499     
  0.40142857142857141        350.15628352860881     
  0.40285714285714286        349.25258308816944     
  0.40428571428571430        349.08597126809883     
  0.40571428571428569        348.17964773648396     
  0.40714285714285714        348.01565900758885     
  0.40857142857142859        347.10671238479841     
  0.40999999999999998        346.94534674707887     
  0.41142857142857142        346.03377703311287     
  0.41285714285714287        345.87503448656889     
  0.41428571428571431        344.96084168142738     
  0.41571428571428570        344.80472222605897     
  0.41714285714285715        343.88790632974195     
  0.41857142857142859        343.73440996554905     
  0.41999999999999998        342.81497097805646     
  0.42142857142857143        342.66409770503907     
  0.42285714285714288        341.74203562637098     
  0.42428571428571427        341.59378544452915     
  0.42571428571428571        340.66910027468549     
  0.42714285714285716        340.52347318401917     
  0.42857142857142855        339.59616492300006     
  0.42999999999999999        339.45316092350919     
  0.43142857142857144        338.52322957131457     
  0.43285714285714288        338.38284866299927     
  0.43428571428571427        337.45029421962914     
  0.43571428571428572        337.31253640248934     
  0.43714285714285717        336.37735886794377     
  0.43857142857142856        336.24222414197942     
  0.44000000000000000        335.30442351625840     
  0.44142857142857145        335.17191188146950     
  0.44285714285714284        334.23148816457297     
  0.44428571428571428        334.10159962095952     
  0.44571428571428573        333.15855281288759     
  0.44714285714285712        333.03128736044954     
  0.44857142857142857        332.08561746120228     
  0.45000000000000001        331.96097509993956     
  0.45142857142857140        331.01268210951690     
  0.45285714285714285        330.89066283942964     
  0.45428571428571429        329.93974675783153     
  0.45571428571428574        329.82035057891966     
  0.45714285714285713        328.86681140614616     
  0.45857142857142857        328.75003831840974     
  0.46000000000000002        327.79387605446078     
  0.46142857142857141        327.67972605789981     
  0.46285714285714286        326.72094070277541     
  0.46428571428571430        326.60941379738989     
  0.46571428571428569        325.64800535109003     
  0.46714285714285714        325.53910153687991     
  0.46857142857142858        324.57506999940466     
  0.46999999999999997        324.46878927636999     
  0.47142857142857142        323.50213464771929     
  0.47285714285714286        323.39847701586001     
  0.47428571428571431        322.42919929603386     
  0.47571428571428570        322.32816475535003     
  0.47714285714285715        321.35626394434848     
  0.47857142857142859        321.25785249484011     
  0.47999999999999998        320.28332859266311     
  0.48142857142857143        320.18754023433013     
  0.48285714285714287        319.21039324097774     
  0.48428571428571426        319.11722797382009     
  0.48571428571428571        318.13745788929231     
  0.48714285714285716        318.04691571331006     
  0.48857142857142855        317.06452253760688     
  0.48999999999999999        316.97660345280002     
  0.49142857142857144        315.99158718592145     
  0.49285714285714288        315.90629119228993     
  0.49428571428571427        314.91865183423602     
  0.49571428571428572        314.83597893177989     
  0.49714285714285716        313.84571648255059     
  0.49857142857142855        313.76566667126991     
