  0.50100000000000000        312.70695588101580     
  0.50200000000000000        312.70268676722952     
  0.50300000000000000        312.64861136846656     
  0.50400000000000000        312.64424224205999     
  0.50500000000000000        312.59026685591726     
  0.50600000000000001        312.58579771689045     
  0.50700000000000001        312.53192234336797     
  0.50800000000000001        312.52735319172092     
  0.50900000000000001        312.47357783081873     
  0.51000000000000001        312.46890866655139     
  0.51100000000000001        312.41523331826943     
  0.51200000000000001        312.41046414138179     
  0.51300000000000001        312.35688880572013     
  0.51400000000000001        312.35201961621220     
  0.51500000000000001        312.29854429317083     
  0.51600000000000001        312.29357509104261     
  0.51700000000000002        312.24019978062154     
  0.51800000000000002        312.23513056587302     
  0.51900000000000002        312.18185526807218     
  0.52000000000000002        312.17668604070343     
  0.52100000000000002        312.12351075552283     
  0.52200000000000002        312.11824151553384     
  0.52300000000000002        312.06516624297353     
  0.52400000000000002        312.05979699036430     
  0.52500000000000002        312.00682173042418     
  0.52600000000000002        312.00135246519477     
  0.52700000000000002        311.94847721787482     
  0.52800000000000002        311.94290794002518     
  0.52900000000000003        311.89013270532553     
  0.53000000000000003        311.88446341485565     
  0.53100000000000003        311.83178819277617     
  0.53200000000000003        311.82601888968611     
  0.53300000000000003        311.77344368022688     
  0.53400000000000003        311.76757436451652     
  0.53500000000000003        311.71509916767752     
  0.53600000000000003        311.70912983934693     
  0.53700000000000003        311.65675465512822     
  0.53800000000000003        311.65068531417739     
  0.53900000000000003        311.59841014257893     
  0.54000000000000004        311.59224078900780     
  0.54100000000000004        311.54006563002963     
  0.54200000000000004        311.53379626383821     
  0.54300000000000004        311.48172111748039     
  0.54400000000000004        311.47535173866862     
  0.54500000000000004        311.42337660493109     
  0.54600000000000004        311.41690721349903     
  0.54700000000000004        311.36503209238185     
  0.54800000000000004        311.35846268832944     
  0.54900000000000004        311.30668757983261     
  0.55000000000000004        311.30001816315985     
  0.55100000000000005        311.24834306728337     
  0.55200000000000005        311.24157363799026     
  0.55300000000000005        311.18999855473407     
  0.55400000000000005        311.18312911282072     
  0.55500000000000005        311.13165404218483     
  0.55600000000000005        311.12468458765113     
  0.55700000000000005        311.07330952963565     
  0.55800000000000005        311.06624006248154     
  0.55900000000000005        311.01496501708641     
  0.56000000000000005        311.00779553731195     
  0.56100000000000005        310.95662050453711     
  0.56200000000000006        310.94935101214236     
  0.56299999999999994        310.89827599198782     
  0.56399999999999995        310.89090648697277     
  0.56499999999999995        310.83993147943852     
  0.56599999999999995        310.83246196180318     
  0.56699999999999995        310.78158696688928     
  0.56799999999999995        310.77401743663353     
  0.56899999999999995        310.72324245433998     
  0.56999999999999995        310.71557291146394     
  0.57099999999999995        310.66489794179068     
  0.57199999999999995        310.65712838629435     
  0.57299999999999995        310.60655342924139     
  0.57399999999999995        310.59868386112475     
  0.57499999999999996        310.54820891669209     
  0.57599999999999996        310.54023933595516     
  0.57699999999999996        310.48986440414274     
  0.57799999999999996        310.48179481078557     
  0.57899999999999996        310.43151989159344     
  0.57999999999999996        310.42335028561598     
  0.58099999999999996        310.37317537904414     
  0.58199999999999996        310.36490576044639     
  0.58299999999999996        310.31483086649479     
  0.58399999999999996        310.30646123527674     
  0.58499999999999996        310.25648635394543     
  0.58599999999999997        310.24801671010715     
  0.58699999999999997        310.19814184139608     
  0.58799999999999997        310.18957218493756     
  0.58899999999999997        310.13979732884673     
  0.58999999999999997        310.13112765976797     
  0.59099999999999997        310.08145281629737     
  0.59199999999999997        310.07268313459838     
  0.59299999999999997        310.02310830374802     
  0.59399999999999997        310.01423860942879     
  0.59499999999999997        309.96476379119866     
  0.59599999999999997        309.95579408425914     
  0.59699999999999998        309.90641927864931     
  0.59799999999999998        309.89734955908949     
  0.59899999999999998        309.84807476609996     
  0.59999999999999998        309.83890503391979     
  0.60099999999999998        309.78973025355060     
  0.60199999999999998        309.78046050875008     
  0.60299999999999998        309.73138574100125     
  0.60399999999999998        309.72201598358038     
  0.60499999999999998        309.67304122845184     
  0.60599999999999998        309.66357145841067     
  0.60699999999999998        309.61469671590243     
  0.60799999999999998        309.60512693324102     
  0.60899999999999999        309.55635220335301     
  0.60999999999999999        309.54668240807138     
  0.61099999999999999        309.49800769080360     
  0.61199999999999999        309.48823788290173     
  0.61299999999999999        309.43966317825425     
  0.61399999999999999        309.42979335773208     
  0.61499999999999999        309.38131866570490     
  0.61599999999999999        309.37134883256249     
  0.61699999999999999        309.32297415315554     
  0.61799999999999999        309.31290430739290     
  0.61899999999999999        309.26462964060619     
  0.62000000000000000        309.25445978222325     
  0.62100000000000000        309.20628512805683     
  0.62200000000000000        309.19601525705360     
  0.62300000000000000        309.14794061550748     
  0.62400000000000000        309.13757073188395     
  0.62500000000000000        309.08959610295818     
  0.62600000000000000        309.07912620671431     
  0.62700000000000000        309.03125159040889     
  0.62800000000000000        309.02068168154466     
  0.62900000000000000        308.97290707785959     
  0.63000000000000000        308.96223715637495     
  0.63100000000000001        308.91456256531035     
  0.63200000000000001        308.90379263120525     
  0.63300000000000001        308.85621805276105     
  0.63400000000000001        308.84534810603554     
  0.63500000000000001        308.79787354021175     
  0.63600000000000001        308.78690358086584     
  0.63700000000000001        308.73952902766251     
  0.63800000000000001        308.72845905569613     
  0.63900000000000001        308.68118451511322     
  0.64000000000000001        308.67001453052643     
  0.64100000000000001        308.62284000256392     
  0.64200000000000002        308.61157000535673     
  0.64300000000000002        308.56449549001462     
  0.64400000000000002        308.55312548018708     
  0.64500000000000002        308.50615097746538     
  0.64600000000000002        308.49468095501749     
  0.64700000000000002        308.44780646491614     
  0.64800000000000002        308.43623642984784     
  0.64900000000000002        308.38946195236690     
  0.65000000000000002        308.37779190467819     
  0.65100000000000002        308.33111743981766     
  0.65200000000000002        308.31934737950854     
  0.65300000000000002        308.27277292726842     
  0.65400000000000003        308.26090285433889     
  0.65500000000000003        308.21442841471918     
  0.65600000000000003        308.20245832916925     
  0.65700000000000003        308.15608390217000     
  0.65800000000000003        308.14401380399954     
  0.65900000000000003        308.09773938962076     
  0.66000000000000003        308.08556927882989     
  0.66100000000000003        308.03939487707152     
  0.66200000000000003        308.02712475366025     
  0.66300000000000003        307.98105036452233     
  0.66400000000000003        307.96868022849060     
  0.66500000000000004        307.92270585197309     
  0.66600000000000004        307.91023570332095     
  0.66700000000000004        307.86436133942391     
  0.66800000000000004        307.85179117815130     
  0.66900000000000004        307.80601682687478     
  0.67000000000000004        307.79334665298160     
  0.67100000000000004        307.74767231432565     
  0.67200000000000004        307.73490212781195     
  0.67300000000000004        307.68932780177647     
  0.67400000000000004        307.67645760264230     
  0.67500000000000004        307.63098328922729     
  0.67600000000000005        307.61801307747271     
  0.67700000000000005        307.57263877667810     
  0.67800000000000005        307.55956855230306     
  0.67900000000000005        307.51429426412892     
  0.68000000000000005        307.50112402713347     
  0.68100000000000005        307.45594975157968     
  0.68200000000000005        307.44267950196388     
  0.68300000000000005        307.39760523903050     
  0.68400000000000005        307.38423497679429     
  0.68500000000000005        307.33926072648131     
  0.68600000000000005        307.32579045162470     
  0.68700000000000006        307.28091621393213     
  0.68799999999999994        307.26734592645505     
  0.68899999999999995        307.22257170138289     
  0.68999999999999995        307.20890140128540     
  0.69099999999999995        307.16422718883365     
  0.69199999999999995        307.15045687611570     
  0.69299999999999995        307.10588267628447     
  0.69399999999999995        307.09201235094605     
  0.69499999999999995        307.04753816373523     
  0.69599999999999995        307.03356782577640     
  0.69699999999999995        306.98919365118604     
  0.69799999999999995        306.97512330060670     
  0.69899999999999995        306.93084913863686     
  0.69999999999999996        306.91667877543699     
  0.70099999999999996        306.87250462608768     
  0.70199999999999996        306.85823425026734     
  0.70299999999999996        306.81416011353849     
  0.70399999999999996        306.79978972509764     
  0.70499999999999996        306.75581560098925     
  0.70599999999999996        306.74134519992793     
  0.70699999999999996        306.69747108844012     
  0.70799999999999996        306.68290067475823     
  0.70899999999999996        306.63912657589094     
  0.70999999999999996        306.62445614958853     
  0.71099999999999997        306.58078206334181     
  0.71199999999999997        306.56601162441882     
  0.71299999999999997        306.52243755079263     
  0.71399999999999997        306.50756709924912     
  0.71499999999999997        306.46409303824350     
  0.71599999999999997        306.44912257407947     
  0.71699999999999997        306.40574852569438     
  0.71799999999999997        306.39067804890982     
  0.71899999999999997        306.34740401314519     
  0.71999999999999997        306.33223352374017     
  0.72099999999999997        306.28905950059612     
  0.72199999999999998        306.27378899857052     
  0.72299999999999998        306.23071498804700     
  0.72399999999999998        306.21534447340082     
  0.72499999999999998        306.17237047549787     
  0.72599999999999998        306.15689994823117     
  0.72699999999999998        306.11402596294880     
  0.72799999999999998        306.09845542306147     
  0.72899999999999998        306.05568145039973     
  0.72999999999999998        306.04001089789176     
  0.73099999999999998        305.99733693785072     
  0.73199999999999998        305.98156637272211     
  0.73299999999999998        305.93899242530165     
  0.73399999999999999        305.92312184755247     
  0.73499999999999999        305.88064791275258     
  0.73599999999999999        305.86467732238276     
  0.73699999999999999        305.82230340020351     
  0.73799999999999999        305.80623279721306     
  0.73899999999999999        305.76395888765450     
  0.73999999999999999        305.74778827204335     
  0.74099999999999999        305.70561437510543     
  0.74199999999999999        305.68934374687365     
  0.74299999999999999        305.64726986255641     
  0.74399999999999999        305.63089922170394     
  0.74500000000000000        305.58892535000740     
  0.74600000000000000        305.57245469653429     
  0.74700000000000000        305.53058083745839     
  0.74800000000000000        305.51401017136459     
  0.74900000000000000        305.47223632490937     
  0.75000000000000000        305.45556564619488     
  0.75100000000000000        305.41389181236030     
  0.75200000000000000        305.39712112102512     
  0.75300000000000000        305.35554729981124     
  0.75400000000000000        305.33867659585542     
  0.75500000000000000        305.29720278726222     
  0.75600000000000001        305.28023207068571     
  0.75700000000000001        305.23885827471327     
  0.75800000000000001        305.22178754551607     
  0.75900000000000001        305.18051376216425     
  0.76000000000000001        305.16334302034630     
  0.76100000000000001        305.12216924961524     
  0.76200000000000001        305.10489849517660     
  0.76300000000000001        305.06382473706623     
  0.76400000000000001        305.04645397000684     
  0.76500000000000001        305.00548022451716     
  0.76600000000000001        304.98800944483708     
  0.76700000000000002        304.94713571196809     
  0.76800000000000002        304.92956491966737     
  0.76900000000000002        304.88879119941896     
  0.77000000000000002        304.87112039449772     
  0.77100000000000002        304.83044668686989     
  0.77200000000000002        304.81267586932807     
  0.77300000000000002        304.77210217432082     
  0.77400000000000002        304.75423134415843     
  0.77500000000000002        304.71375766177175     
  0.77600000000000002        304.69578681898872     
  0.77700000000000002        304.65541314922268     
  0.77800000000000002        304.63734229381902     
  0.77900000000000003        304.59706863667361     
  0.78000000000000003        304.57889776864943     
  0.78100000000000003        304.53872412412454     
  0.78200000000000003        304.52045324347978     
  0.78300000000000003        304.48037961157542     
  0.78400000000000003        304.46200871831013     
  0.78500000000000003        304.42203509902629     
  0.78600000000000003        304.40356419314043     
  0.78700000000000003        304.36369058647716     
  0.78800000000000003        304.34511966797072     
  0.78900000000000003        304.30534607392809     
  0.79000000000000004        304.28667514280102     
  0.79100000000000004        304.24700156137902     
  0.79200000000000004        304.22823061763137     
  0.79300000000000004        304.18865704882995     
  0.79400000000000004        304.16978609246166     
  0.79500000000000004        304.13031253628083     
  0.79600000000000004        304.11134156729196     
  0.79700000000000004        304.07196802373170     
  0.79800000000000004        304.05289704212225     
  0.79900000000000004        304.01362351118263     
  0.80000000000000004        303.99445251695255     
  0.80100000000000005        303.95527899863350     
  0.80200000000000005        303.93600799178284     
  0.80300000000000005        303.89693448608438     
  0.80400000000000005        303.87756346661320     
  0.80500000000000005        303.83858997353525     
  0.80600000000000005        303.81911894144355     
  0.80700000000000005        303.78024546098618     
  0.80800000000000005        303.76067441627384     
  0.80900000000000005        303.72190094843711     
  0.81000000000000005        303.70222989110420     
  0.81100000000000005        303.66355643588804     
  0.81200000000000006        303.64378536593455     
  0.81299999999999994        303.60521192333897     
  0.81399999999999995        303.58534084076490     
  0.81499999999999995        303.54686741078996     
  0.81599999999999995        303.52689631559520     
  0.81699999999999995        303.48852289824089     
  0.81799999999999995        303.46845179042555     
  0.81899999999999995        303.43017838569187     
  0.81999999999999995        303.41000726525590     
  0.82099999999999995        303.37183387314286     
  0.82199999999999995        303.35156274008631     
  0.82299999999999995        303.31348936059385     
  0.82399999999999995        303.29311821491666     
  0.82499999999999996        303.25514484804478     
  0.82599999999999996        303.23467368974701     
  0.82699999999999996        303.19680033549577     
  0.82799999999999996        303.17622916457736     
  0.82899999999999996        303.13845582294670     
  0.82999999999999996        303.11778463940777     
  0.83099999999999996        303.08011131039763     
  0.83199999999999996        303.05934011423818     
  0.83299999999999996        303.02176679784856     
  0.83399999999999996        303.00089558906859     
  0.83499999999999996        302.96342228529949     
  0.83599999999999997        302.94245106389900     
  0.83699999999999997        302.90507777275036     
  0.83799999999999997        302.88400653872941     
  0.83899999999999997        302.84673326020123     
  0.83999999999999997        302.82556201355987     
  0.84099999999999997        302.78838874765216     
  0.84199999999999997        302.76711748839034     
  0.84299999999999997        302.73004423510309     
  0.84399999999999997        302.70867296322081     
  0.84499999999999997        302.67169972255402     
  0.84599999999999997        302.65022843805122     
  0.84699999999999998        302.61335521000495     
  0.84799999999999998        302.59178391288168     
  0.84899999999999998        302.55501069745588     
  0.84999999999999998        302.53333938771209     
  0.85099999999999998        302.49666618490681     
  0.85199999999999998        302.47489486254256     
  0.85299999999999998        302.43832167235774     
  0.85399999999999998        302.41645033737302     
  0.85499999999999998        302.37997715980867     
  0.85599999999999998        302.35800581220349     
  0.85699999999999998        302.32163264725966     
  0.85799999999999998        302.29956128703395     
  0.85899999999999999        302.26328813471059     
  0.85999999999999999        302.24111676186442     
  0.86099999999999999        302.20494362216147     
  0.86199999999999999        302.18267223669494     
  0.86299999999999999        302.14659910961240     
  0.86399999999999999        302.12422771152546     
  0.86499999999999999        302.08825459706333     
  0.86599999999999999        302.06578318635599     
  0.86699999999999999        302.02991008451420     
  0.86799999999999999        302.00733866118657     
  0.86899999999999999        301.97156557196507     
  0.87000000000000000        301.94889413601709     
  0.87100000000000000        301.91322105941595     
  0.87200000000000000        301.89044961084761     
  0.87300000000000000        301.85487654686682     
  0.87400000000000000        301.83200508567819     
  0.87500000000000000        301.79653203431769     
  0.87600000000000000        301.77356056050877     
  0.87700000000000000        301.73818752176857     
  0.87800000000000000        301.71511603533929     
  0.87900000000000000        301.67984300921944     
  0.88000000000000000        301.65667151016987     
  0.88100000000000001        301.62149849667026     
  0.88200000000000001        301.59822698500039     
  0.88300000000000001        301.56315398412119     
  0.88400000000000001        301.53978245983097     
  0.88500000000000001        301.50480947157212     
  0.88600000000000001        301.48133793466161     
  0.88700000000000001        301.44646495902305     
  0.88800000000000001        301.42289340949225     
  0.88900000000000001        301.38812044647398     
  0.89000000000000001        301.36444888432288     
  0.89100000000000001        301.32977593392491     
  0.89200000000000002        301.30600435915352     
  0.89300000000000002        301.27143142137584     
  0.89400000000000002        301.24755983398410     
  0.89500000000000002        301.21308690882682     
  0.89600000000000002        301.18911530881468     
  0.89700000000000002        301.15474239627781     
  0.89800000000000002        301.13067078364520     
  0.89900000000000002        301.09639788372868     
  0.90000000000000002        301.07222625847572     
  0.90100000000000002        301.03805337117961     
  0.90200000000000002        301.01378173330625     
  0.90300000000000002        300.97970885863054     
  0.90400000000000003        300.95533720813677     
  0.90500000000000003        300.92136434608142     
  0.90600000000000003        300.89689268296729     
  0.90700000000000003        300.86301983353235     
  0.90800000000000003        300.83844815779781     
  0.90900000000000003        300.80467532098322     
  0.91000000000000003        300.78000363262834     
  0.91100000000000003        300.74633080843410     
  0.91200000000000003        300.72155910745886     
  0.91300000000000003        300.68798629588497     
  0.91400000000000003        300.66311458228938     
  0.91500000000000004        300.62964178333590     
  0.91600000000000004        300.60467005711985     
  0.91700000000000004        300.57129727078683     
  0.91800000000000004        300.54622553195037     
  0.91900000000000004        300.51295275823776     
  0.92000000000000004        300.48778100678084     
  0.92100000000000004        300.45460824568869     
  0.92200000000000004        300.42933648161130     
  0.92300000000000004        300.39626373313962     
  0.92400000000000004        300.37089195644177     
  0.92500000000000004        300.33791922059061     
  0.92600000000000005        300.31244743127223     
  0.92700000000000005        300.27957470804154     
  0.92800000000000005        300.25400290610270     
  0.92900000000000005        300.22123019549247     
  0.93000000000000005        300.19555838093316     
  0.93100000000000005        300.16288568294340     
  0.93200000000000005        300.13711385576369     
  0.93300000000000005        300.10454117039427     
  0.93400000000000005        300.07866933059421     
  0.93500000000000005        300.04619665784514     
  0.93600000000000005        300.02022480542468     
  0.93700000000000006        299.98785214529607     
  0.93799999999999994        299.96178028025514     
  0.93899999999999995        299.92950763274695     
  0.93999999999999995        299.90333575508561     
  0.94099999999999995        299.87116312019782     
  0.94199999999999995        299.84489122991607     
  0.94299999999999995        299.81281860764875     
  0.94399999999999995        299.78644670474660     
  0.94499999999999995        299.75447409509968     
  0.94599999999999995        299.72800217957712     
  0.94699999999999995        299.69612958255055     
  0.94799999999999995        299.66955765440758     
  0.94899999999999995        299.63778507000148     
  0.94999999999999996        299.61111312923805     
  0.95099999999999996        299.57944055745236     
  0.95199999999999996        299.55266860406857     
  0.95299999999999996        299.52109604490323     
  0.95399999999999996        299.49422407889904     
  0.95499999999999996        299.46275153235416     
  0.95599999999999996        299.43577955372950     
  0.95699999999999996        299.40440701980503     
  0.95799999999999996        299.37733502855997     
  0.95899999999999996        299.34606250725591     
  0.95999999999999996        299.31889050339043     
  0.96099999999999997        299.28771799470678     
  0.96199999999999997        299.26044597822096     
  0.96299999999999997        299.22937348215765     
  0.96399999999999997        299.20200145305142     
  0.96499999999999997        299.17102896960859     
  0.96599999999999997        299.14355692788189     
  0.96699999999999997        299.11268445705946     
  0.96799999999999997        299.08511240271235     
  0.96899999999999997        299.05433994451033     
  0.96999999999999997        299.02666787754282     
  0.97099999999999997        298.99599543196121     
  0.97199999999999998        298.96822335237329     
  0.97299999999999998        298.93765091941208     
  0.97399999999999998        298.90977882720381     
  0.97499999999999998        298.87930640686295     
  0.97599999999999998        298.85133430203427     
  0.97699999999999998        298.82096189431388     
  0.97799999999999998        298.79288977686480     
  0.97899999999999998        298.76261738176481     
  0.97999999999999998        298.73444525169526     
  0.98099999999999998        298.70427286921574     
  0.98199999999999998        298.67600072652567     
  0.98299999999999998        298.64592835666667     
  0.98399999999999999        298.61755620135608     
  0.98499999999999999        298.58758384411760     
  0.98599999999999999        298.55911167618649     
  0.98699999999999999        298.52923933156853     
  0.98799999999999999        298.50066715101696     
  0.98899999999999999        298.47089481901952     
  0.98999999999999999        298.44222262584742     
  0.99099999999999999        298.41255030647051     
  0.99199999999999999        298.38377810067789     
  0.99299999999999999        298.35420579392149     
  0.99399999999999999        298.32533357550841     
  0.99500000000000000        298.29586128137248     
  0.99600000000000000        298.26688905033893     
  0.99700000000000000        298.23751676882347     
  0.99800000000000000        298.20844452516945     
  0.99900000000000000        298.17917225627446     
   1.0000000000000000        298.14999999999998     
