   2.5000000000000001E-003   500.00000000000000     
   5.0000000000000001E-003   499.05930646816893     
   7.4999999999999997E-003   498.12666344446279     
   1.0000000000000000E-002   497.17791940450684     
   1.2500000000000001E-002   496.25332688892559     
   1.4999999999999999E-002   495.29653234084481     
   1.7500000000000002E-002   494.37999033338849     
   2.0000000000000000E-002   493.41514527718289     
   2.2499999999999999E-002   492.50665377785134     
   2.5000000000000001E-002   491.53375821352085     
   2.7500000000000000E-002   490.63331722231413     
   2.9999999999999999E-002   489.65237114985882     
   3.2500000000000001E-002   488.75998066677698     
   3.5000000000000003E-002   487.77098408619685     
   3.7499999999999999E-002   486.88664411123978     
   4.0000000000000001E-002   485.88959702253493     
   4.2500000000000003E-002   485.01330755570251     
   4.4999999999999998E-002   484.00820995887295     
   4.7500000000000001E-002   483.13997100016525     
   5.0000000000000003E-002   482.12682289521103     
   5.2499999999999998E-002   481.26663444462793     
   5.5000000000000000E-002   480.24543583154917     
   5.7500000000000002E-002   479.39329788909055     
   5.9999999999999998E-002   478.36404876788731     
   6.2500000000000000E-002   477.51996133355323     
   6.5000000000000002E-002   476.48266170422539     
   6.7500000000000004E-002   475.64662477801585     
   7.0000000000000007E-002   474.60127464056347     
   7.2499999999999995E-002   473.77328822247853     
   7.4999999999999997E-002   472.71988757690150     
   7.7499999999999999E-002   471.89995166694121     
   8.0000000000000002E-002   470.83850051323952     
   8.2500000000000004E-002   470.02661511140383     
   8.5000000000000006E-002   468.95711344957749     
   8.7499999999999994E-002   468.15327855586656     
   8.9999999999999997E-002   467.07572638591552     
   9.2499999999999999E-002   466.27994200032919     
   9.5000000000000001E-002   465.19433932225348     
   9.7500000000000003E-002   464.40660544479181     
  0.10000000000000001        463.31295225859145     
  0.10249999999999999        462.53326888925437     
  0.10500000000000000        461.43156519492942     
  0.10750000000000000        460.65993233371694     
  0.11000000000000000        459.55017813126739     
  0.11250000000000000        458.78659577817950     
  0.11500000000000000        457.66879106760530     
  0.11749999999999999        456.91325922264201     
  0.12000000000000000        455.78740400394315     
  0.12250000000000000        455.03992266710452     
  0.12500000000000000        453.90601694028106     
  0.12750000000000000        453.16658611156697     
  0.13000000000000000        452.02462987661903     
  0.13250000000000001        451.29324955602942     
  0.13500000000000001        450.14324281295700     
  0.13750000000000001        449.41991300049187     
  0.14000000000000001        448.26185574929502     
  0.14249999999999999        447.54657644495433     
  0.14499999999999999        446.38046868563316     
  0.14749999999999999        445.67323988941683     
  0.14999999999999999        444.49908162197136     
  0.15250000000000000        443.79990333387934     
  0.15500000000000000        442.61769455830944     
  0.15750000000000000        441.92656677834185     
  0.16000000000000000        440.73630749464752     
  0.16250000000000001        440.05323022280436     
  0.16500000000000001        438.85492043098554     
  0.16750000000000001        438.17989366726681     
  0.17000000000000001        436.97353336732357     
  0.17249999999999999        436.30655711172921     
  0.17499999999999999        435.09214630366165     
  0.17749999999999999        434.43322055619166     
  0.17999999999999999        433.21075923999973     
  0.18250000000000000        432.55988400065399     
  0.18500000000000000        431.32937217633787     
  0.18750000000000000        430.68654744511633     
  0.19000000000000000        429.44798511267607     
  0.19250000000000000        428.81321088957861     
  0.19500000000000001        427.56659804901420     
  0.19750000000000001        426.93987433404095     
  0.20000000000000001        425.68521098535228     
  0.20250000000000001        425.06653777850329     
  0.20499999999999999        423.80382392169037     
  0.20749999999999999        423.19320122296563     
  0.20999999999999999        421.92243685802850     
  0.21249999999999999        421.31986466742796     
  0.21500000000000000        420.04104979436664     
  0.21750000000000000        419.44652811189030     
  0.22000000000000000        418.15966273070472     
  0.22250000000000000        417.57319155635270     
  0.22500000000000001        416.27827566704275     
  0.22750000000000001        415.69985500081509     
  0.23000000000000001        414.39688860338077     
  0.23250000000000001        413.82651844527754     
  0.23499999999999999        412.51550153971874     
  0.23749999999999999        411.95318188974005     
  0.23999999999999999        410.63411447605682     
  0.24249999999999999        410.07984533420262     
  0.24500000000000000        408.75272741239490     
  0.24750000000000000        408.20650877866512     
  0.25000000000000000        406.87134034873293     
  0.25250000000000000        406.33317222312769     
  0.25500000000000000        404.98995328507095     
  0.25750000000000001        404.45983566759020     
  0.26000000000000001        403.10856622140903     
  0.26250000000000001        402.58649911205271     
  0.26500000000000001        401.22717915774712     
  0.26750000000000002        400.71316255651527     
  0.27000000000000002        399.34579209408520     
  0.27250000000000002        398.83982600097784     
  0.27500000000000002        397.46440503042339     
  0.27750000000000002        396.96648944544040     
  0.28000000000000003        395.58301796676159     
  0.28249999999999997        395.09315288990297     
  0.28499999999999998        393.70163090309978     
  0.28749999999999998        393.21981633436548     
  0.28999999999999998        391.82024383943792     
  0.29249999999999998        391.34647977882798     
  0.29499999999999998        389.93885677577606     
  0.29749999999999999        389.47314322329049     
  0.29999999999999999        388.05746971211420     
  0.30249999999999999        387.59980666775306     
  0.30499999999999999        386.17608264845228     
  0.30750000000000000        385.72647011221562     
  0.31000000000000000        384.29469558479036     
  0.31250000000000000        383.85313355667813     
  0.31500000000000000        382.41330852112844     
  0.31750000000000000        381.97979700114064     
  0.32000000000000001        380.53192145746652     
  0.32250000000000001        380.10646044560309     
  0.32500000000000001        378.65053439380449     
  0.32750000000000001        378.23312389006549     
  0.33000000000000002        376.76914733014252     
  0.33250000000000002        376.35978733452788     
  0.33500000000000002        374.88776026648060     
  0.33750000000000002        374.48645077899022     
  0.34000000000000002        373.00637320281874     
  0.34250000000000003        372.61311422345250     
  0.34499999999999997        371.12498613915687     
  0.34749999999999998        370.73977766791478     
  0.34999999999999998        369.24359907549496     
  0.35249999999999998        368.86644111237706     
  0.35499999999999998        367.36221201183309     
  0.35749999999999998        366.99310455683928     
  0.35999999999999999        365.48082494817123     
  0.36249999999999999        365.11976800130151     
  0.36499999999999999        363.59943788450943     
  0.36749999999999999        363.24643144576373     
  0.37000000000000000        361.71805082084757     
  0.37250000000000000        361.37309489022596     
  0.37500000000000000        359.83666375718576     
  0.37750000000000000        359.49975833468818     
  0.38000000000000000        357.95527669352390     
  0.38250000000000001        357.62642177915035     
  0.38500000000000001        356.07388962986209     
  0.38750000000000001        355.75308522361263     
  0.39000000000000001        354.19250256620029     
  0.39250000000000002        353.87974866807485     
  0.39500000000000002        352.31111550253843     
  0.39750000000000002        352.00641211253708     
  0.40000000000000002        350.42972843887662     
  0.40250000000000002        350.13307555699930     
  0.40500000000000003        348.54834137521487     
  0.40749999999999997        348.25973900146147     
  0.40999999999999998        346.66695431155313     
  0.41249999999999998        346.38640244592369     
  0.41499999999999998        344.78556724789138     
  0.41749999999999998        344.51306589038586     
  0.41999999999999998        342.90418018422957     
  0.42249999999999999        342.63972933484803     
  0.42499999999999999        341.02279312056783     
  0.42749999999999999        340.76639277931019     
  0.42999999999999999        339.14140605690608     
  0.43250000000000000        338.89305622377231     
  0.43500000000000000        337.26001899324427     
  0.43750000000000000        337.01971966823442     
  0.44000000000000000        335.37863192958247     
  0.44250000000000000        335.14638311269647     
  0.44500000000000001        333.49724486592061     
  0.44750000000000001        333.27304655715852     
  0.45000000000000001        331.61585780225880     
  0.45250000000000001        331.39971000162063     
  0.45500000000000002        329.73447073859694     
  0.45750000000000002        329.52637344608274     
  0.46000000000000002        327.85308367493502     
  0.46250000000000002        327.65303689054485     
  0.46500000000000002        325.97169661127310     
  0.46750000000000003        325.77970033500702     
  0.46999999999999997        324.09030954761118     
  0.47249999999999998        323.90636377946919     
  0.47499999999999998        322.20892248394932     
  0.47749999999999998        322.03302722393136     
  0.47999999999999998        320.32753542028752     
  0.48249999999999998        320.15969066839347     
  0.48499999999999999        318.44614835662571     
  0.48749999999999999        318.28635411285558     
  0.48999999999999999        316.56476129296391     
  0.49249999999999999        316.41301755731769     
  0.49500000000000000        314.68337422930210     
  0.49750000000000000        314.53968100177980     
