  0.50200000000000000        312.67988354791248     
  0.50400000000000000        312.67123643236090     
  0.50600000000000001        312.56317765596145     
  0.50800000000000001        312.55412968693867     
  0.51000000000000001        312.44647176401048     
  0.51200000000000001        312.43702294151637     
  0.51400000000000001        312.32976587205951     
  0.51600000000000001        312.31991619609408     
  0.51800000000000002        312.21305998010854     
  0.52000000000000002        312.20280945067185     
  0.52200000000000002        312.09635408815751     
  0.52400000000000002        312.08570270524962     
  0.52600000000000002        311.97964819620648     
  0.52800000000000002        311.96859595982738     
  0.53000000000000003        311.86294230425540     
  0.53200000000000003        311.85148921440515     
  0.53400000000000003        311.74623641230431     
  0.53600000000000003        311.73438246898291     
  0.53800000000000003        311.62953052035323     
  0.54000000000000004        311.61727572356074     
  0.54200000000000004        311.51282462840220     
  0.54400000000000004        311.50016897813850     
  0.54600000000000004        311.39611873645111     
  0.54800000000000004        311.38306223271627     
  0.55000000000000004        311.27941284450003     
  0.55200000000000005        311.26595548729404     
  0.55400000000000005        311.16270695254894     
  0.55600000000000005        311.14884874187180     
  0.55800000000000005        311.04600106059780     
  0.56000000000000005        311.03174199644957     
  0.56200000000000006        310.92929516864666     
  0.56399999999999995        310.91463525102733     
  0.56599999999999995        310.81258927669558     
  0.56799999999999995        310.79752850560510     
  0.56999999999999995        310.69588338474449     
  0.57199999999999995        310.68042176018281     
  0.57399999999999995        310.57917749279341     
  0.57599999999999996        310.56331501476058     
  0.57799999999999996        310.46247160084232     
  0.57999999999999996        310.44620826933829     
  0.58199999999999996        310.34576570889129     
  0.58399999999999996        310.32910152391599     
  0.58599999999999997        310.22905981694026     
  0.58799999999999997        310.21199477849370     
  0.58999999999999997        310.11235392498918     
  0.59199999999999997        310.09488803307141     
  0.59399999999999997        309.99564803303809     
  0.59599999999999997        309.97778128764912     
  0.59799999999999998        309.87894214108707     
  0.59999999999999998        309.86067454222683     
  0.60199999999999998        309.76223624913598     
  0.60399999999999998        309.74356779680454     
  0.60599999999999998        309.64553035718490     
  0.60799999999999998        309.62646105138225     
  0.60999999999999999        309.52882446523375     
  0.61199999999999999        309.50935430595996     
  0.61399999999999999        309.41211857328267     
  0.61599999999999999        309.39224756053773     
  0.61799999999999999        309.29541268133153     
  0.62000000000000000        309.27514081511544     
  0.62200000000000000        309.17870678938039     
  0.62400000000000000        309.15803406969320     
  0.62600000000000000        309.06200089742930     
  0.62800000000000000        309.04092732427102     
  0.63000000000000000        308.94529500547816     
  0.63200000000000001        308.92382057884885     
  0.63400000000000001        308.82858911352702     
  0.63600000000000001        308.80671383342661     
  0.63800000000000001        308.71188322157587     
  0.64000000000000001        308.68960708800444     
  0.64200000000000002        308.59517732962473     
  0.64400000000000002        308.57250034258226     
  0.64600000000000002        308.47847143767353     
  0.64800000000000002        308.45539359716008     
  0.65000000000000002        308.36176554572239     
  0.65200000000000002        308.33828685173785     
  0.65400000000000003        308.24505965377125     
  0.65600000000000003        308.22118010631561     
  0.65800000000000003        308.12835376182011     
  0.66000000000000003        308.10407336089338     
  0.66200000000000003        308.01164786986897     
  0.66400000000000003        307.98696661547115     
  0.66600000000000004        307.89494197791782     
  0.66800000000000004        307.86985987004891     
  0.67000000000000004        307.77823608596668     
  0.67200000000000004        307.75275312462662     
  0.67400000000000004        307.66153019401560     
  0.67600000000000005        307.63564637920433     
  0.67800000000000005        307.54482430206451     
  0.68000000000000005        307.51853963378198     
  0.68200000000000005        307.42811841011337     
  0.68400000000000005        307.40143288835969     
  0.68600000000000005        307.31141251816229     
  0.68799999999999994        307.28432614293740     
  0.68999999999999995        307.19470662621114     
  0.69199999999999995        307.16721939751511     
  0.69399999999999995        307.07800073426006     
  0.69599999999999995        307.05011265209282     
  0.69799999999999995        306.96129484230897     
  0.69999999999999996        306.93300590667053     
  0.70199999999999996        306.84458895035789     
  0.70399999999999996        306.81589916124824     
  0.70599999999999996        306.72788305840686     
  0.70799999999999996        306.69879241582595     
  0.70999999999999996        306.61117716645583     
  0.71199999999999997        306.58168567040371     
  0.71399999999999997        306.49447127450480     
  0.71599999999999997        306.46457892498148     
  0.71799999999999997        306.37776538255378     
  0.71999999999999997        306.34747217955925     
  0.72199999999999998        306.26105949060269     
  0.72399999999999998        306.23036543413707     
  0.72599999999999998        306.14435359865166     
  0.72799999999999998        306.11325868871484     
  0.72999999999999998        306.02764770670063     
  0.73199999999999998        305.99615194329260     
  0.73399999999999999        305.91094181474955     
  0.73599999999999999        305.87904519787037     
  0.73799999999999999        305.79423592279852     
  0.73999999999999999        305.76193845244813     
  0.74199999999999999        305.67753003084749     
  0.74399999999999999        305.64483170702596     
  0.74600000000000000        305.56082413889646     
  0.74800000000000000        305.52772496160378     
  0.75000000000000000        305.44411824694538     
  0.75200000000000000        305.41061821618155     
  0.75400000000000000        305.32741235499429     
  0.75600000000000001        305.29351147075931     
  0.75800000000000001        305.21070646304321     
  0.76000000000000001        305.17640472533708     
  0.76200000000000001        305.09400057109207     
  0.76400000000000001        305.05929797991490     
  0.76600000000000001        304.97729467914093     
  0.76800000000000002        304.94219123449273     
  0.77000000000000002        304.86058878718984     
  0.77200000000000002        304.82508448907049     
  0.77400000000000002        304.74388289523876     
  0.77600000000000002        304.70797774364826     
  0.77800000000000002        304.62717700328767     
  0.78000000000000003        304.59087099822608     
  0.78200000000000003        304.51047111133659     
  0.78400000000000003        304.47376425280385     
  0.78600000000000003        304.39376521938544     
  0.78800000000000003        304.35665750738161     
  0.79000000000000004        304.27705932743430     
  0.79200000000000004        304.23955076195938     
  0.79400000000000004        304.16035343548322     
  0.79600000000000004        304.12244401653714     
  0.79800000000000004        304.04364754353207     
  0.80000000000000004        304.00533727111485     
  0.80200000000000005        303.92694165158093     
  0.80400000000000005        303.88823052569262     
  0.80600000000000005        303.81023575962973     
  0.80800000000000005        303.77112378027033     
  0.81000000000000005        303.69352986767859     
  0.81200000000000006        303.65401703484804     
  0.81399999999999995        303.57682397572751     
  0.81599999999999995        303.53691028942580     
  0.81799999999999995        303.46011808377631     
  0.81999999999999995        303.41980354400351     
  0.82199999999999995        303.34341219182517     
  0.82399999999999995        303.30269679858122     
  0.82599999999999996        303.22670629987402     
  0.82799999999999996        303.18559005315899     
  0.82999999999999996        303.11000040792294     
  0.83199999999999996        303.06848330773676     
  0.83399999999999996        302.99329451597185     
  0.83599999999999997        302.95137656231452     
  0.83799999999999997        302.87658862402077     
  0.83999999999999997        302.83426981689229     
  0.84199999999999997        302.75988273206968     
  0.84399999999999997        302.71716307147000     
  0.84599999999999997        302.64317684011860     
  0.84799999999999998        302.60005632604765     
  0.84999999999999998        302.52647094816757     
  0.85199999999999998        302.48294958062536     
  0.85399999999999998        302.40976505621643     
  0.85599999999999998        302.36584283520307     
  0.85799999999999998        302.29305916426529     
  0.85999999999999999        302.24873608978078     
  0.86199999999999999        302.17635327231415     
  0.86399999999999999        302.13162934435854     
  0.86599999999999999        302.05964738036300     
  0.86799999999999999        302.01452259893625     
  0.87000000000000000        301.94294148841186     
  0.87200000000000000        301.89741585351402     
  0.87400000000000000        301.82623559646072     
  0.87600000000000000        301.78030910809173     
  0.87800000000000000        301.70952970450958     
  0.88000000000000000        301.66320236266949     
  0.88200000000000001        301.59282381255844     
  0.88400000000000001        301.54609561724726     
  0.88600000000000001        301.47611792060729     
  0.88800000000000001        301.42898887182497     
  0.89000000000000001        301.35941202865615     
  0.89200000000000002        301.31188212640268     
  0.89400000000000002        301.24270613670501     
  0.89600000000000002        301.19477538098033     
  0.89800000000000002        301.12600024475387     
  0.90000000000000002        301.07766863555804     
  0.90200000000000002        301.00929435280273     
  0.90400000000000003        300.96056189013575     
  0.90600000000000003        300.89258846085158     
  0.90800000000000003        300.84345514471346     
  0.91000000000000003        300.77588256890044     
  0.91200000000000003        300.72634839929117     
  0.91400000000000003        300.65917667694930     
  0.91600000000000004        300.60924165386888     
  0.91800000000000004        300.54247078499810     
  0.92000000000000004        300.49213490844664     
  0.92200000000000004        300.42576489304690     
  0.92400000000000004        300.37502816302435     
  0.92600000000000005        300.30905900109576     
  0.92800000000000005        300.25792141760206     
  0.93000000000000005        300.19235310914462     
  0.93200000000000005        300.14081467217977     
  0.93400000000000005        300.07564721719348     
  0.93600000000000005        300.02370792675748     
  0.93799999999999994        299.95894132524234     
  0.93999999999999995        299.90660118133513     
  0.94199999999999995        299.84223543329119     
  0.94399999999999995        299.78949443591284     
  0.94599999999999995        299.72552954134005     
  0.94799999999999995        299.67238769049055     
  0.94999999999999996        299.60882364938891     
  0.95199999999999996        299.55528094506826     
  0.95399999999999996        299.49211775743782     
  0.95599999999999996        299.43817419964597     
  0.95799999999999996        299.37541186548674     
  0.95999999999999996        299.32106745422362     
  0.96199999999999997        299.25870597353565     
  0.96399999999999997        299.20396070880133     
  0.96599999999999997        299.14200008158451     
  0.96799999999999997        299.08685396337904     
  0.96999999999999997        299.02529418963337     
  0.97199999999999998        298.96974721795669     
  0.97399999999999998        298.90858829768223     
  0.97599999999999998        298.85264047253435     
  0.97799999999999998        298.79188240573109     
  0.97999999999999998        298.73553372711200     
  0.98199999999999998        298.67517651377995     
  0.98399999999999999        298.61842698168959     
  0.98599999999999999        298.55847062182880     
  0.98799999999999999        298.50132023626719     
  0.98999999999999999        298.44176472987772     
  0.99199999999999999        298.38421349084484     
  0.99399999999999999        298.32505883792663     
  0.99600000000000000        298.26710674542244     
  0.99800000000000000        298.20835294597549     
   1.0000000000000000        298.14999999999998     
