   3.3333333333333335E-003   500.00000000000000     
   6.6666666666666671E-003   498.74379049499407     
   1.0000000000000000E-002   497.50191699902746     
   1.3333333333333334E-002   496.23137148498199     
   1.6666666666666666E-002   495.00383399805486     
   2.0000000000000000E-002   493.71895247497002     
   2.3333333333333334E-002   492.50575099708220     
   2.6666666666666668E-002   491.20653346495794     
   2.9999999999999999E-002   490.00766799610960     
   3.3333333333333333E-002   488.69411445494592     
   3.6666666666666667E-002   487.50958499513706     
   4.0000000000000001E-002   486.18169544493401     
   4.3333333333333335E-002   485.01150199416452     
   4.6666666666666669E-002   483.66927643492204     
   5.0000000000000003E-002   482.51341899319198     
   5.3333333333333337E-002   481.15685742491007     
   5.6666666666666664E-002   480.01533599221943     
   5.9999999999999998E-002   478.64443841489805     
   6.3333333333333339E-002   477.51725299124689     
   6.6666666666666666E-002   476.13201940488602     
   7.0000000000000007E-002   475.01916999027435     
   7.3333333333333334E-002   473.61960039487406     
   7.6666666666666661E-002   472.52108698930181     
   8.0000000000000002E-002   471.10718138486214     
   8.3333333333333329E-002   470.02300398832932     
   8.6666666666666670E-002   468.59476237485018     
   8.9999999999999997E-002   467.52492098735678     
   9.3333333333333338E-002   466.08234336483821     
   9.6666666666666665E-002   465.02683798638418     
  0.10000000000000001        463.56992435482624     
  0.10333333333333333        462.52875498541158     
  0.10666666666666667        461.05750534481427     
  0.11000000000000000        460.03067198443898     
  0.11333333333333333        458.54508633480225     
  0.11666666666666667        457.53258898346627     
  0.12000000000000000        456.03266732479028     
  0.12333333333333334        455.03450598249361     
  0.12666666666666668        453.52024831477837     
  0.13000000000000000        452.53642298152096     
  0.13333333333333333        451.00782930476646     
  0.13666666666666666        450.03833998054836     
  0.14000000000000001        448.49541029475455     
  0.14333333333333334        447.54025697957576     
  0.14666666666666667        445.98299128474264     
  0.14999999999999999        445.04217397860316     
  0.15333333333333332        443.47057227473078     
  0.15666666666666668        442.54409097763062     
  0.16000000000000000        440.95815326471904     
  0.16333333333333333        440.04600797665802     
  0.16666666666666666        438.44573425470730     
  0.17000000000000001        437.54792497568548     
  0.17333333333333334        435.93331524469556     
  0.17666666666666667        435.04984197471293     
  0.17999999999999999        433.42089623468382     
  0.18333333333333332        432.55175897374033     
  0.18666666666666668        430.90847722467203     
  0.19000000000000000        430.05367597276779     
  0.19333333333333333        428.39605821466029     
  0.19666666666666666        427.55559297179525     
  0.20000000000000001        425.88363920464855     
  0.20333333333333334        425.05750997082265     
  0.20666666666666667        423.37122019463675     
  0.20999999999999999        422.55942696985005     
  0.21333333333333335        420.85880118462489     
  0.21666666666666667        420.06134396887745     
  0.22000000000000000        418.34638217461310     
  0.22333333333333333        417.56326096790480     
  0.22666666666666666        415.83396316460130     
  0.23000000000000001        415.06517796693220     
  0.23333333333333334        413.32154415458956     
  0.23666666666666666        412.56709496595960     
  0.23999999999999999        410.80912514457776     
  0.24333333333333335        410.06901196498694     
  0.24666666666666667        408.29670613456597     
  0.25000000000000000        407.57092896401429     
  0.25333333333333335        405.78428712455417     
  0.25666666666666665        405.07284596304163     
  0.26000000000000001        403.27186811454237     
  0.26333333333333331        402.57476296206903     
  0.26666666666666666        400.75944910453057     
  0.27000000000000002        400.07667996109643     
  0.27333333333333332        398.24703009451883     
  0.27666666666666667        397.57859696012383     
  0.28000000000000003        395.73461108450704     
  0.28333333333333333        395.08051395915129     
  0.28666666666666668        393.22219207449535     
  0.28999999999999998        392.58243095817875     
  0.29333333333333333        390.70977306448367     
  0.29666666666666669        390.08434795720621     
  0.29999999999999999        388.19735405447204     
  0.30333333333333334        387.58626495623372     
  0.30666666666666664        385.68493504446042     
  0.31000000000000000        385.08818195526118     
  0.31333333333333335        383.17251603444879     
  0.31666666666666665        382.59009895428858     
  0.32000000000000001        380.66009702443722     
  0.32333333333333331        380.09201595331598     
  0.32666666666666666        378.14767801442565     
  0.33000000000000002        377.59393295234344     
  0.33333333333333331        375.63525900441402     
  0.33666666666666667        375.09584995137089     
  0.34000000000000002        373.12283999440245     
  0.34333333333333332        372.59776695039835     
  0.34666666666666668        370.61042098439083     
  0.34999999999999998        370.09968394942587     
  0.35333333333333333        368.09800197437920     
  0.35666666666666669        367.60160094845332     
  0.35999999999999999        365.58558296436763     
  0.36333333333333334        365.10351794748078     
  0.36666666666666664        363.07316395435606     
  0.37000000000000000        362.60543494650824     
  0.37333333333333335        360.56074494434444     
  0.37666666666666665        360.10735194553564     
  0.38000000000000000        358.04832593433287     
  0.38333333333333336        357.60926894456315     
  0.38666666666666666        355.53590692432130     
  0.39000000000000001        355.11118594359073     
  0.39333333333333331        353.02348791430973     
  0.39666666666666667        352.61310294261824     
  0.40000000000000002        350.51106890429816     
  0.40333333333333332        350.11501994164570     
  0.40666666666666668        347.99864989428664     
  0.40999999999999998        347.61693694067316     
  0.41333333333333333        345.48623088427507     
  0.41666666666666669        345.11885393970061     
  0.41999999999999998        342.97381187426350     
  0.42333333333333334        342.62077093872807     
  0.42666666666666669        340.46139286425193     
  0.42999999999999999        340.12268793775553     
  0.43333333333333335        337.94897385424042     
  0.43666666666666665        337.62460493678299     
  0.44000000000000000        335.43655484422885     
  0.44333333333333336        335.12652193581044     
  0.44666666666666666        332.92413583421728     
  0.45000000000000001        332.62843893483790     
  0.45333333333333331        330.41171682420571     
  0.45666666666666667        330.13035593386542     
  0.46000000000000002        327.89929781419409     
  0.46333333333333332        327.63227293289287     
  0.46666666666666667        325.38687880418246     
  0.46999999999999997        325.13418993192039     
  0.47333333333333333        322.87445979417089     
  0.47666666666666668        322.63610693094785     
  0.47999999999999998        320.36204078415938     
  0.48333333333333334        320.13802392997525     
  0.48666666666666669        317.84962177414781     
  0.48999999999999999        317.63994092900271     
  0.49333333333333335        315.33720276413624     
  0.49666666666666665        315.14185792803011     
