   1.0000000000000000E-003   500.00000000000000     
   2.0000000000000000E-003   499.62477180619726     
   3.0000000000000001E-003   499.25082782352428     
   4.0000000000000001E-003   498.87431541859189     
   5.0000000000000001E-003   498.50165564704855     
   6.0000000000000001E-003   498.12385903098652     
   7.0000000000000001E-003   497.75248347057283     
   8.0000000000000002E-003   497.37340264338116     
   8.9999999999999993E-003   497.00331129409710     
   1.0000000000000000E-002   496.62294625577579     
   1.0999999999999999E-002   496.25413911762132     
   1.2000000000000000E-002   495.87248986817048     
   1.2999999999999999E-002   495.50496694114560     
   1.4000000000000000E-002   495.12203348056516     
   1.4999999999999999E-002   494.75579476466982     
   1.6000000000000000E-002   494.37157709295974     
   1.7000000000000001E-002   494.00662258819409     
   1.7999999999999999E-002   493.62112070535431     
   1.9000000000000000E-002   493.25745041171831     
   2.0000000000000000E-002   492.87066431774883     
   2.1000000000000001E-002   492.50827823524264     
   2.1999999999999999E-002   492.12020793014335     
   2.3000000000000000E-002   491.75910605876697     
   2.4000000000000000E-002   491.36975154253787     
   2.5000000000000001E-002   491.00993388229125     
   2.5999999999999999E-002   490.61929515493244     
   2.7000000000000000E-002   490.26076170581558     
   2.8000000000000001E-002   489.86883876732696     
   2.9000000000000001E-002   489.51158952933991     
   2.9999999999999999E-002   489.11838237972148     
   3.1000000000000000E-002   488.76241735286425     
   3.2000000000000001E-002   488.36792599211600     
   3.3000000000000002E-002   488.01324517638852     
   3.4000000000000002E-002   487.61746960451052     
   3.5000000000000003E-002   487.26407299991286     
   3.5999999999999997E-002   486.86701321690504     
   3.6999999999999998E-002   486.51490082343713     
   3.7999999999999999E-002   486.11655682929961     
   3.9000000000000000E-002   485.76572864696141     
   4.0000000000000001E-002   485.36610044169413     
   4.1000000000000002E-002   485.01655647048568     
   4.2000000000000003E-002   484.61564405408865     
   4.2999999999999997E-002   484.26738429401001     
   4.3999999999999997E-002   483.86518766648322     
   4.4999999999999998E-002   483.51821211753435     
   4.5999999999999999E-002   483.11473127887780     
   4.7000000000000000E-002   482.76903994105874     
   4.8000000000000001E-002   482.36427489127237     
   4.9000000000000002E-002   482.01986776458307     
   5.0000000000000003E-002   481.61381850366695     
   5.0999999999999997E-002   481.27069558810746     
   5.1999999999999998E-002   480.86336211606152     
   5.2999999999999999E-002   480.52152341163185     
   5.3999999999999999E-002   480.11290572845616     
   5.5000000000000000E-002   479.77235123515629     
   5.6000000000000001E-002   479.36244934085073     
   5.7000000000000002E-002   479.02317905868074     
   5.8000000000000003E-002   478.61199295324536     
   5.8999999999999997E-002   478.27400688220513     
   5.9999999999999998E-002   477.86153656563999     
   6.0999999999999999E-002   477.52483470572957     
   6.2000000000000000E-002   477.11108017803457     
   6.3000000000000000E-002   476.77566252925408     
   6.4000000000000001E-002   476.36062379042909     
   6.5000000000000002E-002   476.02649035277858     
   6.6000000000000003E-002   475.61016740282366     
   6.7000000000000004E-002   475.27731817630303     
   6.8000000000000005E-002   474.85971101521829     
   6.9000000000000006E-002   474.52814599982742     
   7.0000000000000007E-002   474.10925462761298     
   7.0999999999999994E-002   473.77897382335186     
   7.1999999999999995E-002   473.35879824000767     
   7.2999999999999995E-002   473.02980164687631     
   7.3999999999999996E-002   472.60834185240230     
   7.4999999999999997E-002   472.28062947040075     
   7.5999999999999998E-002   471.85788546479699     
   7.6999999999999999E-002   471.53145729392514     
   7.8000000000000000E-002   471.10742907719163     
   7.9000000000000001E-002   470.78228511744959     
   8.0000000000000002E-002   470.35697268958626     
   8.1000000000000003E-002   470.03311294097404     
   8.2000000000000003E-002   469.60651630198089     
   8.3000000000000004E-002   469.28394076449848     
   8.4000000000000005E-002   468.85605991437558     
   8.5000000000000006E-002   468.53476858802287     
   8.5999999999999993E-002   468.10560352677027     
   8.6999999999999994E-002   467.78559641154726     
   8.7999999999999995E-002   467.35514713916496     
   8.8999999999999996E-002   467.03642423507171     
   8.9999999999999997E-002   466.60469075155964     
   9.0999999999999998E-002   466.28725205859615     
   9.1999999999999998E-002   465.85423436395433     
   9.2999999999999999E-002   465.53807988212060     
   9.4000000000000000E-002   465.10377797634902     
   9.5000000000000001E-002   464.78890770564499     
   9.6000000000000002E-002   464.35332158874377     
   9.7000000000000003E-002   464.03973552916943     
   9.8000000000000004E-002   463.60286520113846     
   9.9000000000000005E-002   463.29056335269388     
  0.10000000000000001        462.85240881353320     
  0.10100000000000001        462.54139117621833     
  0.10199999999999999        462.10195242592795     
  0.10299999999999999        461.79221899974277     
  0.10400000000000000        461.35149603832275     
  0.10500000000000000        461.04304682326716     
  0.10600000000000000        460.60103965071750     
  0.10700000000000000        460.29387464679149     
  0.10800000000000000        459.85058326311224     
  0.10900000000000000        459.54470247031583     
  0.11000000000000000        459.10012687550693     
  0.11100000000000000        458.79553029384010     
  0.11200000000000000        458.34967048790162     
  0.11300000000000000        458.04635811736443     
  0.11400000000000000        457.59921410029636     
  0.11500000000000000        457.29718594088877     
  0.11600000000000001        456.84875771269111     
  0.11700000000000001        456.54801376441310     
  0.11799999999999999        456.09830132508586     
  0.11899999999999999        455.79884158793737     
  0.12000000000000000        455.34784493748060     
  0.12100000000000000        455.04966941146165     
  0.12200000000000000        454.59738854987540     
  0.12300000000000000        454.30049723498593     
  0.12400000000000000        453.84693216227015     
  0.12500000000000000        453.55132505851020     
  0.12600000000000000        453.09647577466484     
  0.12700000000000000        452.80215288203448     
  0.12800000000000000        452.34601938705953     
  0.12900000000000000        452.05298070555875     
  0.13000000000000000        451.59556299945427     
  0.13100000000000001        451.30380852908297     
  0.13200000000000001        450.84510661184902     
  0.13300000000000001        450.55463635260719     
  0.13400000000000001        450.09465022424382     
  0.13500000000000001        449.80546417613141     
  0.13600000000000001        449.34419383663857     
  0.13700000000000001        449.05629199965557     
  0.13800000000000001        448.59373744903331     
  0.13900000000000001        448.30711982317973     
  0.14000000000000001        447.84328106142800     
  0.14099999999999999        447.55794764670389     
  0.14199999999999999        447.09282467382269     
  0.14299999999999999        446.80877547022800     
  0.14399999999999999        446.34236828621738     
  0.14499999999999999        446.05960329375216     
  0.14599999999999999        445.59191189861201     
  0.14699999999999999        445.31043111727627     
  0.14799999999999999        444.84145551100664     
  0.14899999999999999        444.56125894080043     
  0.14999999999999999        444.09099912340128     
  0.15100000000000000        443.81208676432453     
  0.15200000000000000        443.34054273579591     
  0.15300000000000000        443.06291458784864     
  0.15400000000000000        442.59008634819060     
  0.15500000000000000        442.31374241137274     
  0.15600000000000000        441.83962996058523     
  0.15700000000000000        441.56457023489691     
  0.15800000000000000        441.08917357297986     
  0.15900000000000000        440.81539805842101     
  0.16000000000000000        440.33871718537443     
  0.16100000000000000        440.06622588194517     
  0.16200000000000001        439.58826079776895     
  0.16300000000000001        439.31705370546928     
  0.16400000000000001        438.83780441016347     
  0.16500000000000001        438.56788152899344     
  0.16600000000000001        438.08734802255799     
  0.16700000000000001        437.81870935251754     
  0.16800000000000001        437.33689163495256     
  0.16900000000000001        437.06953717604165     
  0.17000000000000001        436.58643524734714     
  0.17100000000000001        436.32036499956575     
  0.17199999999999999        435.83597885974166     
  0.17299999999999999        435.57119282308980     
  0.17399999999999999        435.08552247213612     
  0.17499999999999999        434.82202064661391     
  0.17599999999999999        434.33506608453058     
  0.17699999999999999        434.07284847013801     
  0.17799999999999999        433.58460969692504     
  0.17899999999999999        433.32367629366217     
  0.17999999999999999        432.83415330931945     
  0.18099999999999999        432.57450411718634     
  0.18200000000000000        432.08369692171391     
  0.18300000000000000        431.82533194071056     
  0.18400000000000000        431.33324053410826     
  0.18500000000000000        431.07615976423472     
  0.18600000000000000        430.58278414650266     
  0.18700000000000000        430.32698758775888     
  0.18800000000000000        429.83232775889707     
  0.18900000000000000        429.57781541128304     
  0.19000000000000000        429.08187137129147     
  0.19100000000000000        428.82864323480720     
  0.19200000000000000        428.33141498368582     
  0.19300000000000000        428.07947105833136     
  0.19400000000000001        427.58095859608022     
  0.19500000000000001        427.33029888185547     
  0.19600000000000001        426.83050220847463     
  0.19700000000000001        426.58112670537963     
  0.19800000000000001        426.08004582086897     
  0.19900000000000001        425.83195452890379     
  0.20000000000000001        425.32958943326338     
  0.20100000000000001        425.08278235242796     
  0.20200000000000001        424.57913304565773     
  0.20300000000000001        424.33361017595212     
  0.20399999999999999        423.82867665805202     
  0.20499999999999999        423.58443799947628     
  0.20599999999999999        423.07822027044637     
  0.20699999999999999        422.83526582300044     
  0.20799999999999999        422.32776388284071     
  0.20899999999999999        422.08609364652455     
  0.20999999999999999        421.57730749523506     
  0.21099999999999999        421.33692147004859     
  0.21199999999999999        420.82685110762941     
  0.21299999999999999        420.58774929357264     
  0.21400000000000000        420.07639472002370     
  0.21500000000000000        419.83857711709675     
  0.21600000000000000        419.32593833241799     
  0.21700000000000000        419.08940494062085     
  0.21800000000000000        418.57548194481228     
  0.21900000000000000        418.34023276414496     
  0.22000000000000000        417.82502555720657     
  0.22100000000000000        417.59106058766901     
  0.22200000000000000        417.07456916960086     
  0.22300000000000000        416.84188841119311     
  0.22400000000000000        416.32411278199510     
  0.22500000000000001        416.09271623471716     
  0.22600000000000001        415.57365639438933     
  0.22700000000000001        415.34354405824126     
  0.22800000000000001        414.82320000678362     
  0.22900000000000001        414.59437188176531     
  0.23000000000000001        414.07274361917791     
  0.23100000000000001        413.84519970528942     
  0.23200000000000001        413.32228723157220     
  0.23300000000000001        413.09602752881347     
  0.23400000000000001        412.57183084396650     
  0.23499999999999999        412.34685535233757     
  0.23599999999999999        411.82137445636079     
  0.23699999999999999        411.59768317586162     
  0.23799999999999999        411.07091806875502     
  0.23899999999999999        410.84851099938567     
  0.23999999999999999        410.32046168114931     
  0.24099999999999999        410.09933882290971     
  0.24199999999999999        409.57000529354360     
  0.24299999999999999        409.35016664643376     
  0.24399999999999999        408.81954890593789     
  0.24500000000000000        408.60099446995781     
  0.24600000000000000        408.06909251833224     
  0.24700000000000000        407.85182229348186     
  0.24800000000000000        407.31863613072653     
  0.24900000000000000        407.10265011700591     
  0.25000000000000000        406.56817974312082     
  0.25100000000000000        406.35347794053001     
  0.25200000000000000        405.81772335551517     
  0.25300000000000000        405.60430576405406     
  0.25400000000000000        405.06726696790952     
  0.25500000000000000        404.85513358757811     
  0.25600000000000001        404.31681058030387     
  0.25700000000000001        404.10596141110216     
  0.25800000000000001        403.56635419269821     
  0.25900000000000001        403.35678923462621     
  0.26000000000000001        402.81589780509250     
  0.26100000000000001        402.60761705815025     
  0.26200000000000001        402.06544141748685     
  0.26300000000000001        401.85844488167436     
  0.26400000000000001        401.31498502988120     
  0.26500000000000001        401.10927270519841     
  0.26600000000000001        400.56452864227549     
  0.26700000000000002        400.36010052872246     
  0.26800000000000002        399.81407225466978     
  0.26900000000000002        399.61092835224650     
  0.27000000000000002        399.06361586706413     
  0.27100000000000002        398.86175617577055     
  0.27200000000000002        398.31315947945848     
  0.27300000000000002        398.11258399929460     
  0.27400000000000002        397.56270309185282     
  0.27500000000000002        397.36341182281865     
  0.27600000000000002        396.81224670424712     
  0.27700000000000002        396.61423964634270     
  0.27800000000000002        396.06179031664146     
  0.27900000000000003        395.86506746986674     
  0.28000000000000003        395.31133392903575     
  0.28100000000000003        395.11589529339079     
  0.28199999999999997        394.56087754143010     
  0.28299999999999997        394.36672311691484     
  0.28399999999999997        393.81042115382439     
  0.28499999999999998        393.61755094043883     
  0.28599999999999998        393.05996476621863     
  0.28699999999999998        392.86837876396282     
  0.28799999999999998        392.30950837861292     
  0.28899999999999998        392.11920658748687     
  0.28999999999999998        391.55905199100715     
  0.29099999999999998        391.37003441101092     
  0.29199999999999998        390.80859560340139     
  0.29299999999999998        390.62086223453497     
  0.29399999999999998        390.05813921579568     
  0.29499999999999998        389.87169005805902     
  0.29599999999999999        389.30768282818997     
  0.29699999999999999        389.12251788158306     
  0.29799999999999999        388.55722644058426     
  0.29899999999999999        388.37334570510711     
  0.29999999999999999        387.80677005297855     
  0.30099999999999999        387.62417352863110     
  0.30199999999999999        387.05631366537278     
  0.30299999999999999        386.87500135215510     
  0.30399999999999999        386.30585727776707     
  0.30499999999999999        386.12582917567903     
  0.30599999999999999        385.55540089016137     
  0.30700000000000000        385.37665699920302     
  0.30800000000000000        384.80494450255566     
  0.30900000000000000        384.62748482272696     
  0.31000000000000000        384.05448811494995     
  0.31100000000000000        383.87831264625089     
  0.31200000000000000        383.30403172734424     
  0.31300000000000000        383.12914046977482     
  0.31400000000000000        382.55357533973859     
  0.31500000000000000        382.37996829329876     
  0.31600000000000000        381.80311895213293     
  0.31700000000000000        381.63079611682269     
  0.31800000000000000        381.05266256452722     
  0.31900000000000001        380.88162394034669     
  0.32000000000000001        380.30220617692152     
  0.32100000000000001        380.13245176387068     
  0.32200000000000001        379.55174978931575     
  0.32300000000000001        379.38327958739467     
  0.32400000000000001        378.80129340171004     
  0.32500000000000001        378.63410741091866     
  0.32600000000000001        378.05083701410439     
  0.32700000000000001        377.88493523444265     
  0.32800000000000001        377.30038062649868     
  0.32900000000000001        377.13576305796670     
  0.33000000000000002        376.54992423889297     
  0.33100000000000002        376.38659088149069     
  0.33200000000000002        375.79946785128726     
  0.33300000000000002        375.63741870501468     
  0.33400000000000002        375.04901146368155     
  0.33500000000000002        374.88824652853867     
  0.33600000000000002        374.29855507607579     
  0.33700000000000002        374.13907435206272     
  0.33800000000000002        373.54809868847002     
  0.33900000000000002        373.38990217558671     
  0.34000000000000002        372.79764230086425     
  0.34100000000000003        372.64072999911065     
  0.34200000000000003        372.04718591325843     
  0.34300000000000003        371.89155782263458     
  0.34399999999999997        371.29672952565267     
  0.34499999999999997        371.14238564615852     
  0.34599999999999997        370.54627313804684     
  0.34699999999999998        370.39321346968245     
  0.34799999999999998        369.79581675044108     
  0.34899999999999998        369.64404129320639     
  0.34999999999999998        369.04536036283520     
  0.35099999999999998        368.89486911673032     
  0.35199999999999998        368.29490397522937     
  0.35299999999999998        368.14569694025431     
  0.35399999999999998        367.54444758762355     
  0.35499999999999998        367.39652476377830     
  0.35599999999999998        366.79399120001773     
  0.35699999999999998        366.64735258730235     
  0.35799999999999998        366.04353481241191     
  0.35899999999999999        365.89818041082634     
  0.35999999999999999        365.29307842480608     
  0.36099999999999999        365.14900823435033     
  0.36199999999999999        364.54262203720020     
  0.36299999999999999        364.39983605787438     
  0.36399999999999999        363.79216564959432     
  0.36499999999999999        363.65066388139843     
  0.36599999999999999        363.04170926198844     
  0.36699999999999999        362.90149170492242     
  0.36799999999999999        362.29125287438256     
  0.36899999999999999        362.15231952844641     
  0.37000000000000000        361.54079648677669     
  0.37100000000000000        361.40314735197035     
  0.37200000000000000        360.79034009917086     
  0.37300000000000000        360.65397517549434     
  0.37400000000000000        360.03988371156504     
  0.37500000000000000        359.90480299901839     
  0.37600000000000000        359.28942732395922     
  0.37700000000000000        359.15563082254238     
  0.37800000000000000        358.53897093635345     
  0.37900000000000000        358.40645864606631     
  0.38000000000000000        357.78851454874768     
  0.38100000000000001        357.65728646959030     
  0.38200000000000001        357.03805816114192     
  0.38300000000000001        356.90811429311429     
  0.38400000000000001        356.28760177353615     
  0.38500000000000001        356.15894211663829     
  0.38600000000000001        355.53714538593033     
  0.38700000000000001        355.40976994016222     
  0.38800000000000001        354.78668899832456     
  0.38900000000000001        354.66059776368616     
  0.39000000000000001        354.03623261071880     
  0.39100000000000001        353.91142558721009     
  0.39200000000000002        353.28577622311298     
  0.39300000000000002        353.16225341073402     
  0.39400000000000002        352.53531983550721     
  0.39500000000000002        352.41308123425796     
  0.39600000000000002        351.78486344790144     
  0.39700000000000002        351.66390905778189     
  0.39800000000000002        351.03440706029568     
  0.39900000000000002        350.91473688130577     
  0.40000000000000002        350.28395067268991     
  0.40100000000000002        350.16556470482965     
  0.40200000000000002        349.53349428508420     
  0.40300000000000002        349.41639252835353     
  0.40400000000000003        348.78303789747844     
  0.40500000000000003        348.66722035187740     
  0.40600000000000003        348.03258150987273     
  0.40699999999999997        347.91804817540134     
  0.40799999999999997        347.28212512226702     
  0.40899999999999997        347.16887599892522     
  0.40999999999999998        346.53166873466125     
  0.41099999999999998        346.41970382244909     
  0.41199999999999998        345.78121234705549     
  0.41299999999999998        345.67053164597297     
  0.41399999999999998        345.03075595944972     
  0.41499999999999998        344.92135946949679     
  0.41599999999999998        344.28029957184395     
  0.41699999999999998        344.17218729302061     
  0.41799999999999998        343.52984318423819     
  0.41899999999999998        343.42301511654443     
  0.41999999999999998        342.77938679663242     
  0.42099999999999999        342.67384294006831     
  0.42199999999999999        342.02893040902666     
  0.42299999999999999        341.92467076359213     
  0.42399999999999999        341.27847402142089     
  0.42499999999999999        341.17549858711595     
  0.42599999999999999        340.52801763381513     
  0.42699999999999999        340.42632641063977     
  0.42799999999999999        339.77756124620936     
  0.42899999999999999        339.67715423416354     
  0.42999999999999999        339.02710485860365     
  0.43099999999999999        338.92798205768730     
  0.43200000000000000        338.27664847099788     
  0.43300000000000000        338.17880988121101     
  0.43400000000000000        337.52619208339212     
  0.43500000000000000        337.42963770473477     
  0.43600000000000000        336.77573569578641     
  0.43700000000000000        336.68046552825854     
  0.43800000000000000        336.02527930818064     
  0.43900000000000000        335.93129335178224     
  0.44000000000000000        335.27482292057488     
  0.44100000000000000        335.18212117530595     
  0.44200000000000000        334.52436653296911     
  0.44300000000000000        334.43294899882960     
  0.44400000000000001        333.77391014536329     
  0.44500000000000001        333.68377682235325     
  0.44600000000000001        333.02345375775752     
  0.44700000000000001        332.93460464587690     
  0.44800000000000001        332.27299737015170     
  0.44900000000000001        332.18543246940055     
  0.45000000000000001        331.52254098254593     
  0.45100000000000001        331.43626029292420     
  0.45200000000000001        330.77208459494011     
  0.45300000000000001        330.68708811644785     
  0.45400000000000001        330.02162820733429     
  0.45500000000000002        329.93791593997150     
  0.45600000000000002        329.27117181972847     
  0.45700000000000002        329.18874376349515     
  0.45800000000000002        328.52071543212264     
  0.45900000000000002        328.43957158701875     
  0.46000000000000002        327.77025904451682     
  0.46100000000000002        327.69039941054240     
  0.46200000000000002        327.01980265691100     
  0.46300000000000002        326.94122723406605     
  0.46400000000000002        326.26934626930517     
  0.46500000000000002        326.19205505758970     
  0.46600000000000003        325.51888988169935     
  0.46700000000000003        325.44288288111341     
  0.46800000000000003        324.76843349409347     
  0.46899999999999997        324.69371070463711     
  0.46999999999999997        324.01797710648759     
  0.47099999999999997        323.94453852816082     
  0.47199999999999998        323.26752071888171     
  0.47299999999999998        323.19536635168447     
  0.47399999999999998        322.51706433127583     
  0.47499999999999998        322.44619417520818     
  0.47599999999999998        321.76660794366995     
  0.47699999999999998        321.69702199873188     
  0.47799999999999998        321.01615155606407     
  0.47899999999999998        320.94784982225553     
  0.47999999999999998        320.26569516845819     
  0.48099999999999998        320.19867764577918     
  0.48199999999999998        319.51523878085231     
  0.48299999999999998        319.44950546930284     
  0.48399999999999999        318.76478239324638     
  0.48499999999999999        318.70033329282654     
  0.48599999999999999        318.01432600564044     
  0.48699999999999999        317.95116111635019     
  0.48799999999999999        317.26386961803451     
  0.48899999999999999        317.20198893987390     
  0.48999999999999999        316.51341323042857     
  0.49099999999999999        316.45281676339761     
  0.49199999999999999        315.76295684282269     
  0.49299999999999999        315.70364458692126     
  0.49399999999999999        315.01250045521675     
  0.49500000000000000        314.95447241044491     
  0.49600000000000000        314.26204406761082     
  0.49700000000000000        314.20530023396856     
  0.49800000000000000        313.51158768000488     
  0.49900000000000000        313.45612805749221     
