   1.2500000000000000E-003   500.00000000000000     
   2.5000000000000001E-003   499.53074667863268     
   3.7499999999999999E-003   499.06350094265753     
   5.0000000000000001E-003   498.59224003589816     
   6.2500000000000003E-003   498.12700188531505     
   7.4999999999999997E-003   497.65373339316363     
   8.7500000000000008E-003   497.19050282797264     
   1.0000000000000000E-002   496.71522675042917     
   1.1250000000000000E-002   496.25400377063022     
   1.2500000000000001E-002   495.77672010769464     
   1.3750000000000000E-002   495.31750471328775     
   1.4999999999999999E-002   494.83821346496012     
   1.6250000000000001E-002   494.38100565594527     
   1.7500000000000002E-002   493.89970682222560     
   1.8749999999999999E-002   493.44450659860274     
   2.0000000000000000E-002   492.96120017949119     
   2.1250000000000002E-002   492.50800754126021     
   2.2499999999999999E-002   492.02269353675672     
   2.3750000000000000E-002   491.57150848391768     
   2.5000000000000001E-002   491.08418689402231     
   2.6249999999999999E-002   490.63500942657510     
   2.7500000000000000E-002   490.14568025128796     
   2.8750000000000001E-002   489.69851036923245     
   2.9999999999999999E-002   489.20717360855360     
   3.1250000000000000E-002   488.76201131188981     
   3.2500000000000001E-002   488.26866696581919     
   3.3750000000000002E-002   487.82551225454716     
   3.5000000000000003E-002   487.33016032308478     
   3.6249999999999998E-002   486.88901319720458     
   3.7499999999999999E-002   486.39165368035032     
   3.8750000000000000E-002   485.95251413986199     
   4.0000000000000001E-002   485.45314703761585     
   4.1250000000000002E-002   485.01601508251935     
   4.2500000000000003E-002   484.51464039488133     
   4.3749999999999997E-002   484.07951602517676     
   4.4999999999999998E-002   483.57613375214680     
   4.6249999999999999E-002   483.14301696783411     
   4.7500000000000001E-002   482.63762710941228     
   4.8750000000000002E-002   482.20651791049147     
   5.0000000000000003E-002   481.69912046667770     
   5.1249999999999997E-002   481.27001885314877     
   5.2499999999999998E-002   480.76061382394312     
   5.3749999999999999E-002   480.33351979580607     
   5.5000000000000000E-002   479.82210718120854     
   5.6250000000000001E-002   479.39702073846337     
   5.7500000000000002E-002   478.88360053847396     
   5.8749999999999997E-002   478.46052168112061     
   5.9999999999999998E-002   477.94509389573926     
   6.1249999999999999E-002   477.52402262377780     
   6.2500000000000000E-002   477.00658725300468     
   6.3750000000000001E-002   476.58752356643492     
   6.5000000000000002E-002   476.06808061027016     
   6.6250000000000003E-002   475.65102450909211     
   6.7500000000000004E-002   475.12957396753563     
   6.8750000000000006E-002   474.71452545174930     
   7.0000000000000007E-002   474.19106732480117     
   7.1249999999999994E-002   473.77802639440648     
   7.2499999999999995E-002   473.25256068206681     
   7.3749999999999996E-002   472.84152733706372     
   7.4999999999999997E-002   472.31405403933252     
   7.6249999999999998E-002   471.90502827972097     
   7.7499999999999999E-002   471.37554739659811     
   7.8750000000000001E-002   470.96852922237821     
   8.0000000000000002E-002   470.43704075386370     
   8.1250000000000003E-002   470.03203016503539     
   8.2500000000000004E-002   469.49853411112923     
   8.3750000000000005E-002   469.09553110769252     
   8.5000000000000006E-002   468.56002746839471     
   8.6249999999999993E-002   468.15903205034959     
   8.7499999999999994E-002   467.62152082566024     
   8.8749999999999996E-002   467.22253299300672     
   8.9999999999999997E-002   466.68301418292583     
   9.1249999999999998E-002   466.28603393566374     
   9.2499999999999999E-002   465.74450754019142     
   9.3750000000000000E-002   465.34953487832081     
   9.5000000000000001E-002   464.80600089745707     
   9.6250000000000002E-002   464.41303582097783     
   9.7500000000000003E-002   463.86749425472271     
   9.8750000000000004E-002   463.47653676363490     
  0.10000000000000001        462.92898761198830     
  0.10125000000000001        462.54003770629191     
  0.10249999999999999        461.99048096925389     
  0.10375000000000000        461.60353864894893     
  0.10500000000000000        461.05197432651954     
  0.10625000000000000        460.66703959160600     
  0.10750000000000000        460.11346768378513     
  0.10875000000000000        459.73054053426301     
  0.11000000000000000        459.17496104105072     
  0.11125000000000000        458.79404147692009     
  0.11250000000000000        458.23645439831625     
  0.11375000000000000        457.85754241957716     
  0.11500000000000000        457.29794775558179     
  0.11625000000000001        456.92104336223434     
  0.11749999999999999        456.35944111284726     
  0.11874999999999999        455.98454430489159     
  0.12000000000000000        455.42093447011280     
  0.12125000000000000        455.04804524754883     
  0.12250000000000000        454.48242782737833     
  0.12375000000000000        454.11154619020601     
  0.12500000000000000        453.54392118464386     
  0.12625000000000000        453.17504713286326     
  0.12750000000000000        452.60541454190934     
  0.12875000000000000        452.23854807552050     
  0.13000000000000000        451.66690789917493     
  0.13125000000000001        451.30204901817774     
  0.13250000000000001        450.72840125644052     
  0.13375000000000001        450.36554996083498     
  0.13500000000000001        449.78989461370611     
  0.13625000000000001        449.42905090349223     
  0.13750000000000001        448.85138797097176     
  0.13875000000000001        448.49255184614952     
  0.14000000000000001        447.91288132823740     
  0.14124999999999999        447.55605278880677     
  0.14249999999999999        446.97437468550311     
  0.14374999999999999        446.61955373146395     
  0.14499999999999999        446.03586804276875     
  0.14624999999999999        445.68305467412114     
  0.14749999999999999        445.09736140003440     
  0.14874999999999999        444.74655561677838     
  0.14999999999999999        444.15885475730005     
  0.15125000000000000        443.81005655943568     
  0.15250000000000000        443.22034811456564     
  0.15375000000000000        442.87355750209292     
  0.15500000000000000        442.28184147183123     
  0.15625000000000000        441.93705844475016     
  0.15750000000000000        441.34333482909682     
  0.15875000000000000        441.00055938740735     
  0.16000000000000000        440.40482818636241     
  0.16125000000000000        440.06406033006448     
  0.16250000000000001        439.46632154362788     
  0.16375000000000001        439.12756127272155     
  0.16500000000000001        438.52781490089342     
  0.16625000000000001        438.19106221537862     
  0.16750000000000001        437.58930825815901     
  0.16875000000000001        437.25456315803564     
  0.17000000000000001        436.65080161542465     
  0.17125000000000001        436.31806410069260     
  0.17249999999999999        435.71229497269030     
  0.17374999999999999        435.38156504334955     
  0.17499999999999999        434.77378832995589     
  0.17624999999999999        434.44506598600657     
  0.17749999999999999        433.83528168722154     
  0.17874999999999999        433.50856692866347     
  0.17999999999999999        432.89677504448719     
  0.18124999999999999        432.57206787132037     
  0.18250000000000000        431.95826840175289     
  0.18375000000000000        431.63556881397722     
  0.18500000000000000        431.01976175901854     
  0.18625000000000000        430.69906975663412     
  0.18750000000000000        430.08125511628424     
  0.18875000000000000        429.76257069929102     
  0.19000000000000000        429.14274847354989     
  0.19125000000000000        428.82607164194786     
  0.19250000000000000        428.20424183081559     
  0.19375000000000001        427.88957258460482     
  0.19500000000000001        427.26573518808129     
  0.19625000000000001        426.95307352726172     
  0.19750000000000001        426.32722854534694     
  0.19875000000000001        426.01657446991862     
  0.20000000000000001        425.38872190261264     
  0.20125000000000001        425.08007541257547     
  0.20250000000000001        424.45021525987841     
  0.20374999999999999        424.14357635523231     
  0.20499999999999999        423.51170861714417     
  0.20624999999999999        423.20707729788921     
  0.20749999999999999        422.57320197440993     
  0.20874999999999999        422.27057824054600     
  0.20999999999999999        421.63469533167569     
  0.21124999999999999        421.33407918320279     
  0.21249999999999999        420.69618868894145     
  0.21375000000000000        420.39758012585958     
  0.21500000000000000        419.75768204620721     
  0.21625000000000000        419.46108106851631     
  0.21750000000000000        418.81917540347291     
  0.21875000000000000        418.52458201117304     
  0.22000000000000000        417.88066876073862     
  0.22125000000000000        417.58808295382977     
  0.22250000000000000        416.94216211800426     
  0.22375000000000000        416.65158389648650     
  0.22500000000000001        416.00365547526997     
  0.22625000000000001        415.71508483914323     
  0.22750000000000001        415.06514883253561     
  0.22875000000000001        414.77858578180002     
  0.23000000000000001        414.12664218980120     
  0.23125000000000001        413.84208672445675     
  0.23250000000000001        413.18813554706679     
  0.23375000000000001        412.90558766711359     
  0.23499999999999999        412.24962890433238     
  0.23624999999999999        411.96908860977044     
  0.23749999999999999        411.31112226159797     
  0.23874999999999999        411.03258955242723     
  0.23999999999999999        410.37261561886368     
  0.24124999999999999        410.09609049508401     
  0.24249999999999999        409.43410897612932     
  0.24374999999999999        409.15959143774080     
  0.24500000000000000        408.49560233339503     
  0.24625000000000000        408.22309238039753     
  0.24750000000000000        407.55709569066079     
  0.24875000000000000        407.28659332305432     
  0.25000000000000000        406.61858904792655     
  0.25124999999999997        406.35009426571105     
  0.25250000000000000        405.68008240519225     
  0.25374999999999998        405.41359520836778     
  0.25500000000000000        404.74157576245801     
  0.25624999999999998        404.47709615102457     
  0.25750000000000001        403.80306911972372     
  0.25874999999999998        403.54059709368136     
  0.26000000000000001        402.86456247698948     
  0.26124999999999998        402.60409803633809     
  0.26250000000000001        401.92605583425524     
  0.26374999999999998        401.66759897899482     
  0.26500000000000001        400.98754919152094     
  0.26624999999999999        400.73109992165155     
  0.26750000000000002        400.04904254878676     
  0.26874999999999999        399.79460086430828     
  0.27000000000000002        399.11053590605258     
  0.27124999999999999        398.85810180696495     
  0.27250000000000002        398.17202926331845     
  0.27374999999999999        397.92160274962163     
  0.27500000000000002        397.23352262058427     
  0.27625000000000000        396.98510369227830     
  0.27750000000000002        396.29501597785003     
  0.27875000000000000        396.04860463493497     
  0.28000000000000003        395.35650933511590     
  0.28125000000000000        395.11210557759165     
  0.28249999999999997        394.41800269238172     
  0.28375000000000000        394.17560652024827     
  0.28499999999999998        393.47949604964759     
  0.28625000000000000        393.23910746290488     
  0.28749999999999998        392.54098940691341     
  0.28875000000000001        392.30260840556144     
  0.28999999999999998        391.60248276417929     
  0.29125000000000001        391.36610934821800     
  0.29249999999999998        390.66397612144516     
  0.29375000000000001        390.42961029087462     
  0.29499999999999998        389.72546947871098     
  0.29625000000000001        389.49311123353124     
  0.29749999999999999        388.78696283597679     
  0.29875000000000002        388.55661217618785     
  0.29999999999999999        387.84845619324261     
  0.30125000000000002        387.62011311884442     
  0.30249999999999999        386.90994955050843     
  0.30375000000000002        386.68361406150103     
  0.30499999999999999        385.97144290777419     
  0.30625000000000002        385.74711500415765     
  0.30750000000000000        385.03293626504001     
  0.30875000000000002        384.81061594681415     
  0.31000000000000000        384.09442962230577     
  0.31125000000000003        383.87411688947066     
  0.31250000000000000        383.15592297957147     
  0.31374999999999997        382.93761783212710     
  0.31500000000000000        382.21741633683718     
  0.31624999999999998        382.00111877478355     
  0.31750000000000000        381.27890969410294     
  0.31874999999999998        381.06461971744000     
  0.32000000000000001        380.34040305136858     
  0.32124999999999998        380.12812066009650     
  0.32250000000000001        379.40189640863423     
  0.32374999999999998        379.19162160275295     
  0.32500000000000001        378.46338976589999     
  0.32624999999999998        378.25512254540945     
  0.32750000000000001        377.52488312316575     
  0.32874999999999999        377.31862348806595     
  0.33000000000000002        376.58637648043151     
  0.33124999999999999        376.38212443072246     
  0.33250000000000002        375.64786983769727     
  0.33374999999999999        375.44562537337896     
  0.33500000000000002        374.70936319496298     
  0.33624999999999999        374.50912631603546     
  0.33750000000000002        373.77085655222879     
  0.33875000000000000        373.57262725869191     
  0.34000000000000002        372.83234990949467     
  0.34125000000000000        372.63612820134847     
  0.34250000000000003        371.89384326676048     
  0.34375000000000000        371.69962914400503     
  0.34499999999999997        370.95533662402636     
  0.34625000000000000        370.76313008666159     
  0.34749999999999998        370.01682998129223     
  0.34875000000000000        369.82663102931815     
  0.34999999999999998        369.07832333855811     
  0.35125000000000001        368.89013197197471     
  0.35249999999999998        368.13981669582398     
  0.35375000000000001        367.95363291463138     
  0.35499999999999998        367.20131005308986     
  0.35625000000000001        367.01713385728806     
  0.35749999999999998        366.26280341035573     
  0.35875000000000001        366.08063479994473     
  0.35999999999999999        365.32429676762160     
  0.36125000000000002        365.14413574260141     
  0.36249999999999999        364.38579012488754     
  0.36375000000000002        364.20763668525797     
  0.36499999999999999        363.44728348215358     
  0.36625000000000002        363.27113762791458     
  0.36749999999999999        362.50877683941962     
  0.36875000000000002        362.33463857057120     
  0.37000000000000000        361.57027019668561     
  0.37125000000000002        361.39813951322782     
  0.37250000000000000        360.63176355395160     
  0.37375000000000003        360.46164045588449     
  0.37500000000000000        359.69325691121759     
  0.37624999999999997        359.52514139854117     
  0.37750000000000000        358.75475026848352     
  0.37874999999999998        358.58864234119784     
  0.38000000000000000        357.81624362574945     
  0.38124999999999998        357.65214328385451     
  0.38250000000000001        356.87773698301538     
  0.38374999999999998        356.71564422651113     
  0.38500000000000001        355.93923034028131     
  0.38624999999999998        355.77914516916775     
  0.38750000000000001        355.00072369754719     
  0.38874999999999998        354.84264611182437     
  0.39000000000000001        354.06221705481312     
  0.39124999999999999        353.90614705448093     
  0.39250000000000002        353.12371041207911     
  0.39374999999999999        352.96964799713754     
  0.39500000000000002        352.18520376934509     
  0.39624999999999999        352.03314893979410     
  0.39750000000000002        351.24669712661102     
  0.39874999999999999        351.09664988245072     
  0.40000000000000002        350.30819048387696     
  0.40125000000000000        350.16015082510734     
  0.40250000000000002        349.36968384114289     
  0.40375000000000000        349.22365176776390     
  0.40500000000000003        348.43117719840876     
  0.40625000000000000        348.28715271042051     
  0.40749999999999997        347.49267055567458     
  0.40875000000000000        347.35065365307707     
  0.40999999999999998        346.55416391294045     
  0.41125000000000000        346.41415459573363     
  0.41249999999999998        345.61565727020633     
  0.41375000000000001        345.47765553839020     
  0.41499999999999998        344.67715062747214     
  0.41625000000000001        344.54115648104681     
  0.41749999999999998        343.73864398473802     
  0.41875000000000001        343.60465742370337     
  0.41999999999999998        342.80013734200395     
  0.42125000000000001        342.66815836635999     
  0.42249999999999999        341.86163069926988     
  0.42375000000000002        341.73165930901661     
  0.42499999999999999        340.92312405653581     
  0.42625000000000002        340.79516025167328     
  0.42749999999999999        339.98461741380174     
  0.42875000000000002        339.85866119432990     
  0.42999999999999999        339.04611077106762     
  0.43125000000000002        338.92216213698651     
  0.43250000000000000        338.10760412833355     
  0.43375000000000002        337.98566307964313     
  0.43500000000000000        337.16909748559948     
  0.43625000000000003        337.04916402229975     
  0.43750000000000000        336.23059084286547     
  0.43874999999999997        336.11266496495637     
  0.44000000000000000        335.29208420013146     
  0.44124999999999998        335.17616590761298     
  0.44250000000000000        334.35357755739744     
  0.44374999999999998        334.23966685026960     
  0.44500000000000001        333.41507091466349     
  0.44624999999999998        333.30316779292622     
  0.44750000000000001        332.47656427192948     
  0.44874999999999998        332.36666873558278     
  0.45000000000000001        331.53805762919552     
  0.45124999999999998        331.43016967823928     
  0.45250000000000001        330.59955098646162     
  0.45374999999999999        330.49367062089578     
  0.45500000000000002        329.66104434372772     
  0.45624999999999999        329.55717156355229     
  0.45750000000000002        328.72253770099383     
  0.45874999999999999        328.62067250620873     
  0.46000000000000002        327.78403105825987     
  0.46124999999999999        327.68417344886518     
  0.46250000000000002        326.84552441552586     
  0.46375000000000000        326.74767439152163     
  0.46500000000000002        325.90701777279185     
  0.46625000000000000        325.81117533417807     
  0.46750000000000003        324.96851113005783     
  0.46875000000000000        324.87467627683452     
  0.46999999999999997        324.03000448732377     
  0.47125000000000000        323.93817721949097     
  0.47249999999999998        323.09149784458975     
  0.47375000000000000        323.00167816214741     
  0.47499999999999998        322.15299120185568     
  0.47625000000000001        322.06517910480386     
  0.47749999999999998        321.21448455912173     
  0.47875000000000001        321.12868004746031     
  0.47999999999999998        320.27597791638777     
  0.48125000000000001        320.19218099011681     
  0.48249999999999998        319.33747127365382     
  0.48375000000000001        319.25568193277331     
  0.48499999999999999        318.39896463091998     
  0.48625000000000002        318.31918287542982     
  0.48749999999999999        317.46045798818608     
  0.48875000000000002        317.38268381808626     
  0.48999999999999999        316.52195134545218     
  0.49125000000000002        316.44618476074277     
  0.49249999999999999        315.58344470271834     
  0.49375000000000002        315.50968570339933     
  0.49500000000000000        314.64493805998444     
  0.49625000000000002        314.57318664605589     
  0.49750000000000000        313.70643141725054     
  0.49875000000000003        313.63668758871239     
