   1.1111111111111111E-003   500.00000000000000     
   2.2222222222222222E-003   499.58299365220068     
   3.3333333333333335E-003   499.16757310324670     
   4.4444444444444444E-003   498.74898095660194     
   5.5555555555555558E-003   498.33514620649350     
   6.6666666666666671E-003   497.91496826100320     
   7.7777777777777776E-003   497.50271930974020     
   8.8888888888888889E-003   497.08095556540445     
   1.0000000000000000E-002   496.67029241298684     
   1.1111111111111112E-002   496.24694286980571     
   1.2222222222222223E-002   495.83786551623342     
   1.3333333333333334E-002   495.41293017420691     
   1.4444444444444444E-002   495.00543861948012     
   1.5555555555555555E-002   494.57891747860805     
   1.6666666666666666E-002   494.17301172272681     
   1.7777777777777778E-002   493.74490478300919     
   1.8888888888888889E-002   493.34058482597351     
   2.0000000000000000E-002   492.91089208741033     
   2.1111111111111112E-002   492.50815792922026     
   2.2222222222222223E-002   492.07687939181147     
   2.3333333333333334E-002   491.67573103246696     
   2.4444444444444446E-002   491.24286669621256     
   2.5555555555555557E-002   490.84330413571371     
   2.6666666666666668E-002   490.40885400061370     
   2.7777777777777776E-002   490.01087723896040     
   2.8888888888888888E-002   489.57484130501479     
   2.9999999999999999E-002   489.17845034220716     
   3.1111111111111110E-002   488.74082860941593     
   3.2222222222222222E-002   488.34602344545385     
   3.3333333333333333E-002   487.90681591381701     
   3.4444444444444444E-002   487.51359654870055     
   3.5555555555555556E-002   487.07280321821804     
   3.6666666666666667E-002   486.68116965194724     
   3.7777777777777778E-002   486.23879052261907     
   3.8888888888888890E-002   485.84874275519388     
   4.0000000000000001E-002   485.40477782702015     
   4.1111111111111112E-002   485.01631585844052     
   4.2222222222222223E-002   484.57076513142124     
   4.3333333333333335E-002   484.18388896168710     
   4.4444444444444446E-002   483.73675243582238     
   4.5555555555555557E-002   483.35146206493374     
   4.6666666666666669E-002   482.90273974022352     
   4.7777777777777780E-002   482.51903516818049     
   4.8888888888888891E-002   482.06872704462461     
   5.0000000000000003E-002   481.68660827142719     
   5.1111111111111114E-002   481.23471434902575     
   5.2222222222222225E-002   480.85418137467383     
   5.3333333333333337E-002   480.40070165342689     
   5.4444444444444441E-002   480.02175447792052     
   5.5555555555555552E-002   479.56668895782803     
   5.6666666666666664E-002   479.18932758116722     
   5.7777777777777775E-002   478.73267626222918     
   5.8888888888888886E-002   478.35690068441392     
   5.9999999999999998E-002   477.89866356663032     
   6.1111111111111109E-002   477.52447378766055     
   6.2222222222222220E-002   477.06465087103140     
   6.3333333333333339E-002   476.69204689090714     
   6.4444444444444443E-002   476.23063817543243     
   6.5555555555555561E-002   475.85961999415377     
   6.6666666666666666E-002   475.39662547983346     
   6.7777777777777784E-002   475.02719309740036     
   6.8888888888888888E-002   474.56261278423455     
   7.0000000000000007E-002   474.19476620064700     
   7.1111111111111111E-002   473.72860008863557     
   7.2222222222222215E-002   473.36233930389358     
   7.3333333333333334E-002   472.89458739303660     
   7.4444444444444438E-002   472.52991240714010     
   7.5555555555555556E-002   472.06057469743763     
   7.6666666666666661E-002   471.69748551038663     
   7.7777777777777779E-002   471.22656200183860     
   7.8888888888888883E-002   470.86505861363321     
   8.0000000000000002E-002   470.39254930623963     
   8.1111111111111106E-002   470.03263171687979     
   8.2222222222222224E-002   469.55853661064060     
   8.3333333333333329E-002   469.20020482012632     
   8.4444444444444447E-002   468.72452391504157     
   8.5555555555555551E-002   468.36777792337284     
   8.6666666666666670E-002   467.89051121944249     
   8.7777777777777774E-002   467.53535102661937     
   8.8888888888888892E-002   467.05649852384346     
   8.9999999999999997E-002   466.70292412986583     
   9.1111111111111115E-002   466.22248582824443     
   9.2222222222222219E-002   465.87049723311236     
   9.3333333333333338E-002   465.38847313264552     
   9.4444444444444442E-002   465.03807033635889     
   9.5555555555555560E-002   464.55446043704654     
   9.6666666666666665E-002   464.20564343960541     
   9.7777777777777783E-002   463.72044774144757     
   9.8888888888888887E-002   463.37321654285188     
  0.10000000000000001        462.88643504584860     
  0.10111111111111111        462.54078964609840     
  0.10222222222222223        462.05242235024963     
  0.10333333333333333        461.70836274934493     
  0.10444444444444445        461.21840965465066     
  0.10555555555555556        460.87593585259151     
  0.10666666666666667        460.38439695905174     
  0.10777777777777778        460.04350895583804     
  0.10888888888888888        459.55038426345283     
  0.11000000000000000        459.21108205908450     
  0.11111111111111110        458.71637156785397     
  0.11222222222222222        458.37865516233097     
  0.11333333333333333        457.88235887225517     
  0.11444444444444445        457.54622826557738     
  0.11555555555555555        457.04834617665637     
  0.11666666666666667        456.71380136882379     
  0.11777777777777777        456.21433348105751     
  0.11888888888888889        455.88137447207021     
  0.12000000000000000        455.38032078545871     
  0.12111111111111111        455.04894757531667     
  0.12222222222222222        454.54630808985991     
  0.12333333333333334        454.21652067856314     
  0.12444444444444444        453.71229539426110     
  0.12555555555555556        453.38409378180961     
  0.12666666666666668        452.87828269866230     
  0.12777777777777777        452.55166688505608     
  0.12888888888888889        452.04427000306356     
  0.13000000000000000        451.71923998830249     
  0.13111111111111112        451.21025730746481     
  0.13222222222222221        450.88681309154896     
  0.13333333333333333        450.37624461186613     
  0.13444444444444445        450.05438619479548     
  0.13555555555555557        449.54223191626744     
  0.13666666666666666        449.22195929804201     
  0.13777777777777778        448.70821922066875     
  0.13888888888888890        448.38953240128853     
  0.14000000000000001        447.87420652507006     
  0.14111111111111110        447.55710550453500     
  0.14222222222222222        447.04019382947143     
  0.14333333333333334        446.72467860778147     
  0.14444444444444443        446.20618113387275     
  0.14555555555555555        445.89225171102794     
  0.14666666666666667        445.37216843827412     
  0.14777777777777779        445.05982481427435     
  0.14888888888888888        444.53815574267554     
  0.14999999999999999        444.22739791752076     
  0.15111111111111111        443.70414304707697     
  0.15222222222222223        443.39497102076712     
  0.15333333333333332        442.87013035147839     
  0.15444444444444444        442.56254412401353     
  0.15555555555555556        442.03611765587976     
  0.15666666666666668        441.73011722725988     
  0.15777777777777777        441.20210496028119     
  0.15888888888888889        440.89769033050624     
  0.16000000000000000        440.36809226468262     
  0.16111111111111112        440.06526343375259     
  0.16222222222222221        439.53407956908393     
  0.16333333333333333        439.23283653699889     
  0.16444444444444445        438.70006687348524     
  0.16555555555555557        438.40040964024519     
  0.16666666666666666        437.86605417788655     
  0.16777777777777778        437.56798274349148     
  0.16888888888888889        437.03204148228792     
  0.17000000000000001        436.73555584673784     
  0.17111111111111110        436.19802878668929     
  0.17222222222222222        435.90312894998414     
  0.17333333333333334        435.36401609109072     
  0.17444444444444446        435.07070205323043     
  0.17555555555555555        434.53000339549209     
  0.17666666666666667        434.23827515647673     
  0.17777777777777778        433.69599069989340     
  0.17888888888888888        433.40584825972303     
  0.17999999999999999        432.86197800429471     
  0.18111111111111111        432.57342136296933     
  0.18222222222222223        432.02796530869603     
  0.18333333333333332        431.74099446621557     
  0.18444444444444444        431.19395261309734     
  0.18555555555555556        430.90856756946192     
  0.18666666666666668        430.35993991749865     
  0.18777777777777777        430.07614067270822     
  0.18888888888888888        429.52592722189996     
  0.19000000000000000        429.24371377595440     
  0.19111111111111112        428.69191452630133     
  0.19222222222222221        428.41128687920065     
  0.19333333333333333        427.85790183070264     
  0.19444444444444445        427.57885998244694     
  0.19555555555555557        427.02388913510401     
  0.19666666666666666        426.74643308569324     
  0.19777777777777777        426.18987643950538     
  0.19888888888888889        425.91400618893954     
  0.20000000000000001        425.35586374390675     
  0.20111111111111110        425.08157929218578     
  0.20222222222222222        424.52185104830818     
  0.20333333333333334        424.24915239543202     
  0.20444444444444446        423.68783835270955     
  0.20555555555555555        423.41672549867832     
  0.20666666666666667        422.85382565711092     
  0.20777777777777778        422.58429860192462     
  0.20888888888888890        422.01981296151234     
  0.20999999999999999        421.75187170517091     
  0.21111111111111111        421.18580026591377     
  0.21222222222222223        420.91944480841721     
  0.21333333333333335        420.35178757031520     
  0.21444444444444444        420.08701791166345     
  0.21555555555555556        419.51777487471668     
  0.21666666666666667        419.25459101490975     
  0.21777777777777776        418.68376217911810     
  0.21888888888888888        418.42216411815605     
  0.22000000000000000        417.84974948351953     
  0.22111111111111112        417.58973722140240     
  0.22222222222222221        417.01573678792096     
  0.22333333333333333        416.75731032464870     
  0.22444444444444445        416.18172409232238     
  0.22555555555555556        415.92488342789505     
  0.22666666666666666        415.34771139672381     
  0.22777777777777777        415.09245653114141     
  0.22888888888888889        414.51369870112518     
  0.23000000000000001        414.26002963438776     
  0.23111111111111110        413.67968600552661     
  0.23222222222222222        413.42760273763417     
  0.23333333333333334        412.84567330992803     
  0.23444444444444446        412.59517584088047     
  0.23555555555555555        412.01166061432940     
  0.23666666666666666        411.76274894412683     
  0.23777777777777778        411.17764791873077     
  0.23888888888888890        410.93032204737318     
  0.23999999999999999        410.34363522313220     
  0.24111111111111111        410.09789515061954     
  0.24222222222222223        409.50962252753357     
  0.24333333333333335        409.26546825386583     
  0.24444444444444444        408.67560983193493     
  0.24555555555555555        408.43304135711219     
  0.24666666666666667        407.84159713633642     
  0.24777777777777779        407.60061446035849     
  0.24888888888888888        407.00758444073779     
  0.25000000000000000        406.76818756360484     
  0.25111111111111112        406.17357174513921     
  0.25222222222222224        405.93576066685114     
  0.25333333333333335        405.33955904954064     
  0.25444444444444442        405.10333377009744     
  0.25555555555555554        404.50554635394212     
  0.25666666666666665        404.27090687334368     
  0.25777777777777777        403.67153365834361     
  0.25888888888888889        403.43847997658992     
  0.26000000000000001        402.83752096274509     
  0.26111111111111113        402.60605307983610     
  0.26222222222222225        402.00350826714651     
  0.26333333333333331        401.77362618308234     
  0.26444444444444443        401.16949557154794     
  0.26555555555555554        400.94119928632858     
  0.26666666666666666        400.33548287594937     
  0.26777777777777778        400.10877238957482     
  0.26888888888888890        399.50147018035079     
  0.27000000000000002        399.27634549282106     
  0.27111111111111114        398.66745748475222     
  0.27222222222222220        398.44391859606731     
  0.27333333333333332        397.83344478915365     
  0.27444444444444444        397.61149169931355     
  0.27555555555555555        396.99943209355507     
  0.27666666666666667        396.77906480255979     
  0.27777777777777779        396.16541939795650     
  0.27888888888888891        395.94663790580603     
  0.28000000000000003        395.33140670235792     
  0.28111111111111109        395.11421100905233     
  0.28222222222222221        394.49739400675935     
  0.28333333333333333        394.28178411229862     
  0.28444444444444444        393.66338131116072     
  0.28555555555555556        393.44935721554492     
  0.28666666666666668        392.82936861556209     
  0.28777777777777780        392.61693031879122     
  0.28888888888888886        391.99535591996340     
  0.28999999999999998        391.78450342203757     
  0.29111111111111110        391.16134322436477     
  0.29222222222222222        390.95207652528393     
  0.29333333333333333        390.32733052876620     
  0.29444444444444445        390.11964962853034     
  0.29555555555555557        389.49331783316751     
  0.29666666666666669        389.28722273177669     
  0.29777777777777775        388.65930513756888     
  0.29888888888888887        388.45479583502311     
  0.29999999999999999        387.82529244197019     
  0.30111111111111111        387.62236893826946     
  0.30222222222222223        386.99127974637162     
  0.30333333333333334        386.78994204151587     
  0.30444444444444446        386.15726705077304     
  0.30555555555555558        385.95751514476223     
  0.30666666666666664        385.32325435517447     
  0.30777777777777776        385.12508824800858     
  0.30888888888888888        384.48924165957590     
  0.31000000000000000        384.29266135125494     
  0.31111111111111112        383.65522896397727     
  0.31222222222222223        383.46023445450129     
  0.31333333333333335        382.82121626837869     
  0.31444444444444447        382.62780755774770     
  0.31555555555555553        381.98720357278017     
  0.31666666666666665        381.79538066099411     
  0.31777777777777777        381.15319087718160     
  0.31888888888888889        380.96295376424052     
  0.32000000000000001        380.31917818158297     
  0.32111111111111112        380.13052686748694     
  0.32222222222222224        379.48516548598440     
  0.32333333333333331        379.29809997073329     
  0.32444444444444442        378.65115279038582     
  0.32555555555555554        378.46567307397970     
  0.32666666666666666        377.81714009478725     
  0.32777777777777778        377.63324617722617     
  0.32888888888888890        376.98312739918862     
  0.33000000000000002        376.80081928047258     
  0.33111111111111113        376.14911470358999     
  0.33222222222222220        375.96839238371899     
  0.33333333333333331        375.31510200799141     
  0.33444444444444443        375.13596548696535     
  0.33555555555555555        374.48108931239278     
  0.33666666666666667        374.30353859021170     
  0.33777777777777779        373.64707661679421     
  0.33888888888888891        373.47111169345806     
  0.34000000000000002        372.81306392119558     
  0.34111111111111109        372.63868479670441     
  0.34222222222222221        371.97905122559689     
  0.34333333333333332        371.80625789995077     
  0.34444444444444444        371.14503852999826     
  0.34555555555555556        370.97383100319712     
  0.34666666666666668        370.31102583439963     
  0.34777777777777780        370.14140410644347     
  0.34888888888888892        369.47701313880094     
  0.34999999999999998        369.30897720968989     
  0.35111111111111110        368.64300044320225     
  0.35222222222222221        368.47655031293624     
  0.35333333333333333        367.80898774760357     
  0.35444444444444445        367.64412341618265     
  0.35555555555555557        366.97497505200482     
  0.35666666666666669        366.81169651942906     
  0.35777777777777775        366.14096235640608     
  0.35888888888888887        365.97926962267542     
  0.35999999999999999        365.30694966080739     
  0.36111111111111110        365.14684272592183     
  0.36222222222222222        364.47293696520870     
  0.36333333333333334        364.31441582916824     
  0.36444444444444446        363.63892426960996     
  0.36555555555555558        363.48198893241471     
  0.36666666666666664        362.80491157401121     
  0.36777777777777776        362.64956203566118     
  0.36888888888888888        361.97089887841247     
  0.37000000000000000        361.81713513890764     
  0.37111111111111111        361.13688618281373     
  0.37222222222222223        360.98470824215417     
  0.37333333333333335        360.30287348721498     
  0.37444444444444447        360.15228134540064     
  0.37555555555555553        359.46886079161618     
  0.37666666666666665        359.31985444864711     
  0.37777777777777777        358.63484809601744     
  0.37888888888888889        358.48742755189357     
  0.38000000000000000        357.80083540041869     
  0.38111111111111112        357.65500065514004     
  0.38222222222222224        356.96682270481995     
  0.38333333333333336        356.82257375838651     
  0.38444444444444442        356.13281000922115     
  0.38555555555555554        355.99014686163304     
  0.38666666666666666        355.29879731362240     
  0.38777777777777778        355.15771996487956     
  0.38888888888888890        354.46478461802371     
  0.39000000000000001        354.32529306812609     
  0.39111111111111113        353.63077192242503     
  0.39222222222222225        353.49286617137267     
  0.39333333333333331        352.79675922682640     
  0.39444444444444443        352.66043927461925     
  0.39555555555555555        351.96274653122776     
  0.39666666666666667        351.82801237786578     
  0.39777777777777779        351.12873383562908     
  0.39888888888888890        350.99558548111230     
  0.40000000000000002        350.29472114003045     
  0.40111111111111108        350.16315858435883     
  0.40222222222222220        349.46070844443176     
  0.40333333333333332        349.33073168760529     
  0.40444444444444444        348.62669574883307     
  0.40555555555555556        348.49830479085182     
  0.40666666666666668        347.79268305323438     
  0.40777777777777779        347.66587789409829     
  0.40888888888888891        346.95867035763570     
  0.40999999999999998        346.83345099734476     
  0.41111111111111109        346.12465766203701     
  0.41222222222222221        346.00102410059117     
  0.41333333333333333        345.29064496643832     
  0.41444444444444445        345.16859720383758     
  0.41555555555555557        344.45663227083963     
  0.41666666666666669        344.33617030708393     
  0.41777777777777780        343.62261957524089     
  0.41888888888888887        343.50374341033034     
  0.41999999999999998        342.78860687964226     
  0.42111111111111110        342.67131651357676     
  0.42222222222222222        341.95459418404357     
  0.42333333333333334        341.83888961682317     
  0.42444444444444446        341.12058148844488     
  0.42555555555555558        341.00646272006958     
  0.42666666666666669        340.28656879284620     
  0.42777777777777776        340.17403582331599     
  0.42888888888888888        339.45255609724751     
  0.42999999999999999        339.34160892656234     
  0.43111111111111111        338.61854340164882     
  0.43222222222222223        338.50918202980870     
  0.43333333333333335        337.78453070605013     
  0.43444444444444447        337.67675513305505     
  0.43555555555555553        336.95051801045139     
  0.43666666666666665        336.84432823630141     
  0.43777777777777777        336.11650531485270     
  0.43888888888888888        336.01190133954776     
  0.44000000000000000        335.28249261925401     
  0.44111111111111112        335.17947444279412     
  0.44222222222222224        334.44847992365533     
  0.44333333333333336        334.34704754604041     
  0.44444444444444442        333.61446722805658     
  0.44555555555555554        333.51462064928666     
  0.44666666666666666        332.78045453245790     
  0.44777777777777777        332.68219375253295     
  0.44888888888888889        331.94644183685921     
  0.45000000000000001        331.84976685577925     
  0.45111111111111113        331.11242914126052     
  0.45222222222222225        331.01733995902555     
  0.45333333333333331        330.27841644566183     
  0.45444444444444443        330.18491306227185     
  0.45555555555555555        329.44440375006315     
  0.45666666666666667        329.35248616551809     
  0.45777777777777778        328.61039105446446     
  0.45888888888888890        328.52005926876433     
  0.46000000000000002        327.77637835886577     
  0.46111111111111114        327.68763237201057     
  0.46222222222222220        326.94236566326708     
  0.46333333333333332        326.85520547525687     
  0.46444444444444444        326.10835296766840     
  0.46555555555555556        326.02277857850311     
  0.46666666666666667        325.27434027206971     
  0.46777777777777779        325.19035168174941     
  0.46888888888888891        324.44032757647102     
  0.46999999999999997        324.35792478499570     
  0.47111111111111109        323.60631488087239     
  0.47222222222222221        323.52549788824194     
  0.47333333333333333        322.77230218527370     
  0.47444444444444445        322.69307099148824     
  0.47555555555555556        321.93828948967501     
  0.47666666666666668        321.86064409473448     
  0.47777777777777780        321.10427679407633     
  0.47888888888888886        321.02821719798078     
  0.47999999999999998        320.27026409847764     
  0.48111111111111110        320.19579030122713     
  0.48222222222222222        319.43625140287901     
  0.48333333333333334        319.36336340447343     
  0.48444444444444446        318.60223870728032     
  0.48555555555555557        318.53093650771967     
  0.48666666666666669        317.76822601168163     
  0.48777777777777775        317.69850961096591     
  0.48888888888888887        316.93421331608295     
  0.48999999999999999        316.86608271421215     
  0.49111111111111111        316.10020062048426     
  0.49222222222222223        316.03365581745840     
  0.49333333333333335        315.26618792488557     
  0.49444444444444446        315.20122892070464     
  0.49555555555555558        314.43217522928683     
  0.49666666666666665        314.36880202395088     
  0.49777777777777776        313.59816253368814     
  0.49888888888888888        313.53637512719712     
