  0.50333333333333330        312.64377492705756     
  0.50666666666666671        312.62911997073633     
  0.51000000000000001        312.44922761260057     
  0.51333333333333331        312.43345618734793     
  0.51666666666666672        312.25468029814357     
  0.52000000000000002        312.23779240395959     
  0.52333333333333332        312.06013298368651     
  0.52666666666666662        312.04212862057119     
  0.53000000000000003        311.86558566922946     
  0.53333333333333333        311.84646483718285     
  0.53666666666666663        311.67103835477241     
  0.54000000000000004        311.65080105379445     
  0.54333333333333333        311.47649104031535     
  0.54666666666666663        311.45513727040606     
  0.55000000000000004        311.28194372585830     
  0.55333333333333334        311.25947348701766     
  0.55666666666666664        311.08739641140119     
  0.56000000000000005        311.06380970362932     
  0.56333333333333335        310.89284909694413     
  0.56666666666666665        310.86814592024098     
  0.56999999999999995        310.69830178248708     
  0.57333333333333336        310.67248213685264     
  0.57666666666666666        310.50375446802997     
  0.57999999999999996        310.47681835346435     
  0.58333333333333337        310.30920715357286     
  0.58666666666666667        310.28115457007601     
  0.58999999999999997        310.11465983911575     
  0.59333333333333338        310.08549078668767     
  0.59666666666666668        309.92011252465863     
  0.59999999999999998        309.88982700329939     
  0.60333333333333339        309.72556521020152     
  0.60666666666666669        309.69416321991105     
  0.60999999999999999        309.53101789574441     
  0.61333333333333329        309.49849943652276     
  0.61666666666666670        309.33647058128736     
  0.62000000000000000        309.30283565313442     
  0.62333333333333329        309.14192326683025     
  0.62666666666666671        309.10717186974608     
  0.63000000000000000        308.94737595237314     
  0.63333333333333330        308.91150808635780     
  0.63666666666666671        308.75282863791602     
  0.64000000000000001        308.71584430296951     
  0.64333333333333331        308.55828132345891     
  0.64666666666666661        308.52018051958129     
  0.65000000000000002        308.36373400900186     
  0.65333333333333332        308.32451673619306     
  0.65666666666666662        308.16918669454475     
  0.66000000000000003        308.12885295280483     
  0.66333333333333333        307.97463938008764     
  0.66666666666666663        307.93318916941661     
  0.67000000000000004        307.78009206563053     
  0.67333333333333334        307.73752538602838     
  0.67666666666666664        307.58554475117342     
  0.68000000000000005        307.54186160264010     
  0.68333333333333335        307.39099743671630     
  0.68666666666666665        307.34619781925187     
  0.68999999999999995        307.19645012225919     
  0.69333333333333336        307.15053403586364     
  0.69666666666666666        307.00190280780214     
  0.69999999999999996        306.95487025247536     
  0.70333333333333337        306.80735549334503     
  0.70666666666666667        306.75920646908713     
  0.70999999999999996        306.61280817888792     
  0.71333333333333337        306.56354268569885     
  0.71666666666666667        306.41826086443081     
  0.71999999999999997        306.36787890231062     
  0.72333333333333338        306.22371354997364     
  0.72666666666666668        306.17221511892234     
  0.72999999999999998        306.02916623551653     
  0.73333333333333328        305.97655133553405     
  0.73666666666666669        305.83461892105936     
  0.73999999999999999        305.78088755214583     
  0.74333333333333329        305.64007160660225     
  0.74666666666666670        305.58522376875754     
  0.75000000000000000        305.44552429214508     
  0.75333333333333330        305.38955998536926     
  0.75666666666666671        305.25097697768791     
  0.76000000000000001        305.19389620198098     
  0.76333333333333331        305.05642966323080     
  0.76666666666666672        304.99823241859269     
  0.77000000000000002        304.86188234877369     
  0.77333333333333332        304.80256863520441     
  0.77666666666666662        304.66733503431652     
  0.78000000000000003        304.60690485181613     
  0.78333333333333333        304.47278771985941     
  0.78666666666666663        304.41124106842784     
  0.79000000000000004        304.27824040540230     
  0.79333333333333333        304.21557728503956     
  0.79666666666666663        304.08369309094513     
  0.80000000000000004        304.01991350165127     
  0.80333333333333334        303.88914577648796     
  0.80666666666666664        303.82424971826293     
  0.81000000000000005        303.69459846203085     
  0.81333333333333335        303.62858593487459     
  0.81666666666666665        303.50005114757369     
  0.81999999999999995        303.43292215148625     
  0.82333333333333336        303.30550383311652     
  0.82666666666666666        303.23725836809797     
  0.82999999999999996        303.11095651865935     
  0.83333333333333337        303.04159458470963     
  0.83666666666666667        302.91640920420218     
  0.83999999999999997        302.84593080132129     
  0.84333333333333338        302.72186188974501     
  0.84666666666666668        302.65026701793295     
  0.84999999999999998        302.52731457528785     
  0.85333333333333339        302.45460323454461     
  0.85666666666666669        302.33276726083068     
  0.85999999999999999        302.25893945115627     
  0.86333333333333329        302.13821994637351     
  0.86666666666666670        302.06327566776793     
  0.87000000000000000        301.94367263191634     
  0.87333333333333329        301.86761188437958     
  0.87666666666666671        301.74912531745923     
  0.88000000000000000        301.67194810099119     
  0.88333333333333330        301.55457800300206     
  0.88666666666666671        301.47628431760279     
  0.89000000000000001        301.36003068854484     
  0.89333333333333331        301.28062053421445     
  0.89666666666666661        301.16548337408767     
  0.90000000000000002        301.08495675082605     
  0.90333333333333332        300.97093605963045     
  0.90666666666666662        300.88929296743765     
  0.91000000000000003        300.77638874517322     
  0.91333333333333333        300.69362918404926     
  0.91666666666666663        300.58184143071600     
  0.92000000000000004        300.49796540066086     
  0.92333333333333334        300.38729411625877     
  0.92666666666666664        300.30230161727246     
  0.93000000000000005        300.19274680180155     
  0.93333333333333335        300.10663783388407     
  0.93666666666666665        299.99819948734427     
  0.93999999999999995        299.91097405049561     
  0.94333333333333336        299.80365217288704     
  0.94666666666666666        299.71531026710716     
  0.94999999999999996        299.60910485842982     
  0.95333333333333337        299.51964648371870     
  0.95666666666666667        299.41455754397253     
  0.95999999999999996        299.32398270033030     
  0.96333333333333337        299.22001022951525     
  0.96666666666666667        299.12831891694191     
  0.96999999999999997        299.02546291505797     
  0.97333333333333338        298.93265513355351     
  0.97666666666666668        298.83091560060063     
  0.97999999999999998        298.73699135016511     
  0.98333333333333328        298.63636828614335     
  0.98666666666666669        298.54132756677672     
  0.98999999999999999        298.44182097168601     
  0.99333333333333329        298.34566378338832     
  0.99666666666666670        298.24727365722867     
   1.0000000000000000        298.14999999999998     
