  0.50111111111111106        312.70394823044336     
  0.50222222222222224        312.69919806103127     
  0.50333333333333330        312.63911995324753     
  0.50444444444444447        312.63424628397314     
  0.50555555555555554        312.57429167605170     
  0.50666666666666671        312.56929450691496     
  0.50777777777777777        312.50946339885587     
  0.50888888888888884        312.50434272985689     
  0.51000000000000001        312.44463512166010     
  0.51111111111111107        312.43939095279882     
  0.51222222222222225        312.37980684446433     
  0.51333333333333331        312.37443917574069     
  0.51444444444444448        312.31497856726855     
  0.51555555555555554        312.30948739868262     
  0.51666666666666672        312.25015029007278     
  0.51777777777777778        312.24453562162449     
  0.51888888888888884        312.18532201287701     
  0.52000000000000002        312.17958384456631     
  0.52111111111111108        312.12049373568124     
  0.52222222222222225        312.11463206750818     
  0.52333333333333332        312.05566545848546     
  0.52444444444444449        312.04968029045006     
  0.52555555555555555        311.99083718128969     
  0.52666666666666662        311.98472851339193     
  0.52777777777777779        311.92600890409398     
  0.52888888888888885        311.91977673633380     
  0.53000000000000003        311.86118062689832     
  0.53111111111111109        311.85482495927567     
  0.53222222222222226        311.79635234970260     
  0.53333333333333333        311.78987318221755     
  0.53444444444444450        311.73152407250689     
  0.53555555555555556        311.72492140515936     
  0.53666666666666663        311.66669579531117     
  0.53777777777777780        311.65996962810118     
  0.53888888888888886        311.60186751811545     
  0.54000000000000004        311.59501785104300     
  0.54111111111111110        311.53703924091968     
  0.54222222222222227        311.53006607398481     
  0.54333333333333333        311.47221096372397     
  0.54444444444444440        311.46511429692663     
  0.54555555555555557        311.40738268652819     
  0.54666666666666663        311.40016251986845     
  0.54777777777777781        311.34255440933242     
  0.54888888888888887        311.33521074281026     
  0.55000000000000004        311.27772613213665     
  0.55111111111111111        311.27025896575208     
  0.55222222222222217        311.21289785494088     
  0.55333333333333334        311.20530718869389     
  0.55444444444444441        311.14806957774516     
  0.55555555555555558        311.14035541163577     
  0.55666666666666664        311.08324130054950     
  0.55777777777777782        311.07540363457764     
  0.55888888888888888        311.01841302335384     
  0.56000000000000005        311.01045185751951     
  0.56111111111111112        310.95358474615819     
  0.56222222222222218        310.94550008046133     
  0.56333333333333335        310.88875646896253     
  0.56444444444444442        310.88054830340320     
  0.56555555555555559        310.82392819176681     
  0.56666666666666665        310.81559652634508     
  0.56777777777777783        310.75909991457115     
  0.56888888888888889        310.75064474928695     
  0.56999999999999995        310.69427163737555     
  0.57111111111111112        310.68569297222882     
  0.57222222222222219        310.62944336017995     
  0.57333333333333336        310.62074119517069     
  0.57444444444444442        310.56461508298435     
  0.57555555555555560        310.55578941811257     
  0.57666666666666666        310.49978680578874     
  0.57777777777777772        310.49083764105438     
  0.57888888888888890        310.43495852859309     
  0.57999999999999996        310.42588586399620     
  0.58111111111111113        310.37013025139743     
  0.58222222222222220        310.36093408693802     
  0.58333333333333337        310.30530197420177     
  0.58444444444444443        310.29598230987989     
  0.58555555555555561        310.24047369700611     
  0.58666666666666667        310.23103053282176     
  0.58777777777777773        310.17564541981045     
  0.58888888888888891        310.16607875576364     
  0.58999999999999997        310.11081714261479     
  0.59111111111111114        310.10112697870557     
  0.59222222222222221        310.04598886541925     
  0.59333333333333338        310.03617520164738     
  0.59444444444444444        309.98116058822359     
  0.59555555555555550        309.97122342458920     
  0.59666666666666668        309.91633231102793     
  0.59777777777777774        309.90627164753101     
  0.59888888888888892        309.85150403383227     
  0.59999999999999998        309.84131987047283     
  0.60111111111111115        309.78667575663667     
  0.60222222222222221        309.77636809341465     
  0.60333333333333339        309.72184747944095     
  0.60444444444444445        309.71141631635646     
  0.60555555555555551        309.65701920224529     
  0.60666666666666669        309.64646453929828     
  0.60777777777777775        309.59219092504964     
  0.60888888888888892        309.58151276224015     
  0.60999999999999999        309.52736264785398     
  0.61111111111111116        309.51656098518197     
  0.61222222222222222        309.46253437065837     
  0.61333333333333329        309.45160920812378     
  0.61444444444444446        309.39770609346272     
  0.61555555555555552        309.38665743106566     
  0.61666666666666670        309.33287781626711     
  0.61777777777777776        309.32170565400747     
  0.61888888888888893        309.26804953907151     
  0.62000000000000000        309.25675387694929     
  0.62111111111111106        309.20322126187591     
  0.62222222222222223        309.19180209989111     
  0.62333333333333329        309.13839298468037     
  0.62444444444444447        309.12685032283298     
  0.62555555555555553        309.07356470748476     
  0.62666666666666671        309.06189854577480     
  0.62777777777777777        309.00873643028916     
  0.62888888888888894        308.99694676871661     
  0.63000000000000000        308.94390815309350     
  0.63111111111111107        308.93199499165837     
  0.63222222222222224        308.87907987589784     
  0.63333333333333330        308.86704321460019     
  0.63444444444444448        308.81425159870219     
  0.63555555555555554        308.80209143754195     
  0.63666666666666671        308.74942332150647     
  0.63777777777777778        308.73713966048376     
  0.63888888888888884        308.68459504431070     
  0.64000000000000001        308.67218788342564     
  0.64111111111111108        308.61976676711492     
  0.64222222222222225        308.60723610636745     
  0.64333333333333331        308.55493848991915     
  0.64444444444444449        308.54228432930927     
  0.64555555555555555        308.49011021272344     
  0.64666666666666661        308.47733255225108     
  0.64777777777777779        308.42528193552772     
  0.64888888888888885        308.41238077519296     
  0.65000000000000002        308.36045365833201     
  0.65111111111111108        308.34742899813483     
  0.65222222222222226        308.29562538113629     
  0.65333333333333332        308.28247722107670     
  0.65444444444444450        308.23079710394057     
  0.65555555555555556        308.21752544401858     
  0.65666666666666662        308.16596882674492     
  0.65777777777777779        308.15257366696045     
  0.65888888888888886        308.10114054954926     
  0.66000000000000003        308.08762188990238     
  0.66111111111111109        308.03631227235360     
  0.66222222222222227        308.02267011284425     
  0.66333333333333333        307.97148399515794     
  0.66444444444444439        307.95771833578613     
  0.66555555555555557        307.90665571796228     
  0.66666666666666663        307.89276655872800     
  0.66777777777777780        307.84182744076662     
  0.66888888888888887        307.82781478166987     
  0.67000000000000004        307.77699916357096     
  0.67111111111111110        307.76286300461169     
  0.67222222222222228        307.71217088637530     
  0.67333333333333334        307.69791122755350     
  0.67444444444444440        307.64734260917965     
  0.67555555555555558        307.63295945049532     
  0.67666666666666664        307.58251433198404     
  0.67777777777777781        307.56800767343708     
  0.67888888888888888        307.51768605478844     
  0.68000000000000005        307.50305589637884     
  0.68111111111111111        307.45285777759284     
  0.68222222222222217        307.43810411932060     
  0.68333333333333335        307.38802950039724     
  0.68444444444444441        307.37315234226242     
  0.68555555555555558        307.32320122320158     
  0.68666666666666665        307.30820056520417     
  0.68777777777777782        307.25837294600598     
  0.68888888888888888        307.24324878814599     
  0.68999999999999995        307.19354466881038     
  0.69111111111111112        307.17829701108781     
  0.69222222222222218        307.12871639161472     
  0.69333333333333336        307.11334523402962     
  0.69444444444444442        307.06388811441900     
  0.69555555555555559        307.04839345697144     
  0.69666666666666666        306.99905983722334     
  0.69777777777777783        306.98344167991331     
  0.69888888888888889        306.93423156002768     
  0.69999999999999996        306.91848990285519     
  0.70111111111111113        306.86940328283197     
  0.70222222222222219        306.85353812579700     
  0.70333333333333337        306.80457500563625     
  0.70444444444444443        306.78858634873887     
  0.70555555555555560        306.73974672844054     
  0.70666666666666667        306.72363457168075     
  0.70777777777777773        306.67491845124482     
  0.70888888888888890        306.65868279462262     
  0.70999999999999996        306.61009017404916     
  0.71111111111111114        306.59373101756449     
  0.71222222222222220        306.54526189685350     
  0.71333333333333337        306.52877924050637     
  0.71444444444444444        306.48043361965784     
  0.71555555555555550        306.46382746344824     
  0.71666666666666667        306.41560534246207     
  0.71777777777777774        306.39887568639011     
  0.71888888888888891        306.35077706526630     
  0.71999999999999997        306.33392390933199     
  0.72111111111111115        306.28594878807058     
  0.72222222222222221        306.26897213227386     
  0.72333333333333338        306.22112051087487     
  0.72444444444444445        306.20402035521568     
  0.72555555555555551        306.15629223367910     
  0.72666666666666668        306.13906857815749     
  0.72777777777777775        306.09146395648332     
  0.72888888888888892        306.07411680109936     
  0.72999999999999998        306.02663567928755     
  0.73111111111111116        306.00916502404124     
  0.73222222222222222        305.96180740209172     
  0.73333333333333328        305.94421324698305     
  0.73444444444444446        305.89697912489589     
  0.73555555555555552        305.87926146992498     
  0.73666666666666669        305.83215084770006     
  0.73777777777777775        305.81430969286686     
  0.73888888888888893        305.76732257050429     
  0.73999999999999999        305.74935791580879     
  0.74111111111111116        305.70249429330846     
  0.74222222222222223        305.68440613875072     
  0.74333333333333329        305.63766601611269     
  0.74444444444444446        305.61945436169265     
  0.74555555555555553        305.57283773891686     
  0.74666666666666670        305.55450258463452     
  0.74777777777777776        305.50800946172103     
  0.74888888888888894        305.48955080757634     
  0.75000000000000000        305.44318118452520     
  0.75111111111111106        305.42459903051815     
  0.75222222222222224        305.37835290732943     
  0.75333333333333330        305.35964725345997     
  0.75444444444444447        305.31352463013366     
  0.75555555555555554        305.29469547640173     
  0.75666666666666671        305.24869635293788     
  0.75777777777777777        305.22974369934354     
  0.75888888888888884        305.18386807574211     
  0.76000000000000001        305.16479192228530     
  0.76111111111111107        305.11903979854634     
  0.76222222222222225        305.09984014522706     
  0.76333333333333331        305.05421152135057     
  0.76444444444444448        305.03488836816882     
  0.76555555555555554        304.98938324415474     
  0.76666666666666672        304.96993659111064     
  0.76777777777777778        304.92455496695896     
  0.76888888888888884        304.90498481405240     
  0.77000000000000002        304.85972668976319     
  0.77111111111111108        304.84003303699421     
  0.77222222222222225        304.79489841256742     
  0.77333333333333332        304.77508125993597     
  0.77444444444444449        304.73007013537165     
  0.77555555555555555        304.71012948287773     
  0.77666666666666662        304.66524185817593     
  0.77777777777777779        304.64517770581944     
  0.77888888888888885        304.60041358098022     
  0.78000000000000003        304.58022592876108     
  0.78111111111111109        304.53558530378450     
  0.78222222222222226        304.51527415170278     
  0.78333333333333333        304.47075702658884     
  0.78444444444444450        304.45032237464449     
  0.78555555555555556        304.40592874939318     
  0.78666666666666663        304.38537059758619     
  0.78777777777777780        304.34110047219752     
  0.78888888888888886        304.32041882052795     
  0.79000000000000004        304.27627219500187     
  0.79111111111111110        304.25546704346971     
  0.79222222222222227        304.21144391780621     
  0.79333333333333333        304.19051526641147     
  0.79444444444444440        304.14661564061055     
  0.79555555555555557        304.12556348935323     
  0.79666666666666663        304.08178736341489     
  0.79777777777777781        304.06061171229499     
  0.79888888888888887        304.01695908621923     
  0.80000000000000004        303.99565993523674     
  0.80111111111111111        303.95213080902363     
  0.80222222222222217        303.93070815817845     
  0.80333333333333334        303.88730253182797     
  0.80444444444444441        303.86575638112021     
  0.80555555555555558        303.82247425463231     
  0.80666666666666664        303.80080460406197     
  0.80777777777777782        303.75764597743671     
  0.80888888888888888        303.73585282700378     
  0.81000000000000005        303.69281770024105     
  0.81111111111111112        303.67090104994560     
  0.81222222222222218        303.62798942304534     
  0.81333333333333335        303.60594927288741     
  0.81444444444444442        303.56316114584968     
  0.81555555555555559        303.54099749582923     
  0.81666666666666665        303.49833286865396     
  0.81777777777777783        303.47604571877105     
  0.81888888888888889        303.43350459145825     
  0.81999999999999995        303.41109394171286     
  0.82111111111111112        303.36867631426253     
  0.82222222222222219        303.34614216465474     
  0.82333333333333336        303.30384803706681     
  0.82444444444444442        303.28119038759661     
  0.82555555555555560        303.23901975987110     
  0.82666666666666666        303.21623861053848     
  0.82777777777777772        303.17419148267538     
  0.82888888888888890        303.15128683348036     
  0.82999999999999996        303.10936320547967     
  0.83111111111111113        303.08633505642223     
  0.83222222222222220        303.04453492828401     
  0.83333333333333337        303.02138327936404     
  0.83444444444444443        302.97970665108829     
  0.83555555555555561        302.95643150230586     
  0.83666666666666667        302.91487837389252     
  0.83777777777777773        302.89147972524768     
  0.83888888888888891        302.85005009669680     
  0.83999999999999997        302.82652794818949     
  0.84111111111111114        302.78522181950109     
  0.84222222222222221        302.76157617113137     
  0.84333333333333338        302.72039354230537     
  0.84444444444444444        302.69662439407318     
  0.84555555555555550        302.65556526510966     
  0.84666666666666668        302.63167261701500     
  0.84777777777777774        302.59073698791394     
  0.84888888888888892        302.56672083995676     
  0.84999999999999998        302.52590871071823     
  0.85111111111111115        302.50176906289857     
  0.85222222222222221        302.46108043352251     
  0.85333333333333339        302.43681728584039     
  0.85444444444444445        302.39625215632674     
  0.85555555555555551        302.37186550878221     
  0.85666666666666669        302.33142387913097     
  0.85777777777777775        302.30691373172402     
  0.85888888888888892        302.26659560193525     
  0.85999999999999999        302.24196195466590     
  0.86111111111111116        302.20176732473948     
  0.86222222222222222        302.17701017760771     
  0.86333333333333329        302.13693904754371     
  0.86444444444444446        302.11205840054959     
  0.86555555555555552        302.07211077034788     
  0.86666666666666670        302.04710662349140     
  0.86777777777777776        302.00728249315205     
  0.86888888888888893        301.98215484643322     
  0.87000000000000000        301.94245421595622     
  0.87111111111111106        301.91720306937498     
  0.87222222222222223        301.87762593876039     
  0.87333333333333329        301.85225129231674     
  0.87444444444444447        301.81279766156456     
  0.87555555555555553        301.78729951525850     
  0.87666666666666671        301.74796938436873     
  0.87777777777777777        301.72234773820031     
  0.87888888888888894        301.68314110717290     
  0.88000000000000000        301.65739596114213     
  0.88111111111111107        301.61831282997707     
  0.88222222222222224        301.59244418408394     
  0.88333333333333330        301.55348455278124     
  0.88444444444444448        301.52749240702576     
  0.88555555555555554        301.48865627558541     
  0.88666666666666671        301.46254062996752     
  0.88777777777777778        301.42382799838964     
  0.88888888888888884        301.39758885290928     
  0.89000000000000001        301.35899972119381     
  0.89111111111111108        301.33263707585104     
  0.89222222222222225        301.29417144399804     
  0.89333333333333331        301.26768529879274     
  0.89444444444444449        301.22934316680227     
  0.89555555555555555        301.20273352173444     
  0.89666666666666661        301.16451488960644     
  0.89777777777777779        301.13778174467615     
  0.89888888888888885        301.09968661241061     
  0.90000000000000002        301.07282996761791     
  0.90111111111111108        301.03485833521478     
  0.90222222222222226        301.00787819055967     
  0.90333333333333332        300.97003005801895     
  0.90444444444444450        300.94292641350148     
  0.90555555555555556        300.90520178082312     
  0.90666666666666662        300.87797463644324     
  0.90777777777777779        300.84037350362729     
  0.90888888888888886        300.81302285938500     
  0.91000000000000003        300.77554522643146     
  0.91111111111111109        300.74807108232676     
  0.91222222222222227        300.71071694923563     
  0.91333333333333333        300.68311930526852     
  0.91444444444444439        300.64588867203975     
  0.91555555555555557        300.61816752821034     
  0.91666666666666663        300.58106039484392     
  0.91777777777777780        300.55321575115209     
  0.91888888888888887        300.51623211764803     
  0.92000000000000004        300.48826397409385     
  0.92111111111111110        300.45140384045220     
  0.92222222222222228        300.42331219703561     
  0.92333333333333334        300.38657556325637     
  0.92444444444444440        300.35836041997737     
  0.92555555555555558        300.32174728606054     
  0.92666666666666664        300.29340864291913     
  0.92777777777777781        300.25691900886471     
  0.92888888888888888        300.22845686586095     
  0.93000000000000005        300.19209073166883     
  0.93111111111111111        300.16350508880276     
  0.93222222222222217        300.12726245447300     
  0.93333333333333335        300.09855331174464     
  0.93444444444444441        300.06243417727717     
  0.93555555555555558        300.03360153468645     
  0.93666666666666665        299.99760590008140     
  0.93777777777777782        299.96864975762833     
  0.93888888888888888        299.93277762288557     
  0.93999999999999995        299.90369798057020     
  0.94111111111111112        299.86794934568974     
  0.94222222222222218        299.83874620351207     
  0.94333333333333336        299.80312106849385     
  0.94444444444444442        299.77379442645395     
  0.94555555555555559        299.73829279129802     
  0.94666666666666666        299.70884264939576     
  0.94777777777777783        299.67346451410214     
  0.94888888888888889        299.64389087233758     
  0.94999999999999996        299.60863623690625     
  0.95111111111111113        299.57893909527940     
  0.95222222222222219        299.54380795971036     
  0.95333333333333337        299.51398731822127     
  0.95444444444444443        299.47897968251453     
  0.95555555555555560        299.44903554116314     
  0.95666666666666667        299.41415140531871     
  0.95777777777777773        299.38408376410496     
  0.95888888888888890        299.34932312812288     
  0.95999999999999996        299.31913198704677     
  0.96111111111111114        299.28449485092699     
  0.96222222222222220        299.25418020998859     
  0.96333333333333337        299.21966657373110     
  0.96444444444444444        299.18922843293046     
  0.96555555555555550        299.15483829653527     
  0.96666666666666667        299.12427665587228     
  0.96777777777777774        299.09001001933939     
  0.96888888888888891        299.05932487881410     
  0.96999999999999997        299.02518174214350     
  0.97111111111111115        298.99437310175597     
  0.97222222222222221        298.96035346494767     
  0.97333333333333338        298.92942132469784     
  0.97444444444444445        298.89552518775190     
  0.97555555555555551        298.86446954763966     
  0.97666666666666668        298.83069691055607     
  0.97777777777777775        298.79951777058147     
  0.97888888888888892        298.76586863336024     
  0.97999999999999998        298.73456599352329     
  0.98111111111111116        298.70104035616441     
  0.98222222222222222        298.66961421646516     
  0.98333333333333328        298.63621207896858     
  0.98444444444444446        298.60466243940698     
  0.98555555555555552        298.57138380177275     
  0.98666666666666669        298.53971066234885     
  0.98777777777777775        298.50655552457687     
  0.98888888888888893        298.47475888529073     
  0.98999999999999999        298.44172724738104     
  0.99111111111111116        298.40980710823254     
  0.99222222222222223        298.37689897018521     
  0.99333333333333329        298.34485533117436     
  0.99444444444444446        298.31207069298938     
  0.99555555555555553        298.27990355411623     
  0.99666666666666670        298.24724241579361     
  0.99777777777777776        298.21495177705810     
  0.99888888888888894        298.18241413859784     
   1.0000000000000000        298.14999999999998     
