  0.51000000000000001        312.57617859843111     
  0.51500000000000001        312.30672826554593     
  0.52000000000000002        312.28176679029991     
  0.52500000000000002        312.01483696110165     
  0.53000000000000003        311.98735498216865     
  0.53500000000000003        311.72294565665737     
  0.54000000000000004        311.69294317403740     
  0.54500000000000004        311.43105435221315     
  0.55000000000000004        311.39853136590614     
  0.55500000000000005        311.13916304776888     
  0.56000000000000005        311.10411955777488     
  0.56499999999999995        310.84727174332465     
  0.56999999999999995        310.80970774964368     
  0.57499999999999996        310.55538043888038     
  0.57999999999999996        310.51529594151242     
  0.58499999999999996        310.26348913443616     
  0.58999999999999997        310.22088413338116     
  0.59499999999999997        309.97159782999188     
  0.59999999999999998        309.92647232524990     
  0.60499999999999998        309.67970652554760     
  0.60999999999999999        309.63206051711865     
  0.61499999999999999        309.38781522110332     
  0.62000000000000000        309.33764870898739     
  0.62500000000000000        309.09592391665905     
  0.63000000000000000        309.04323690085613     
  0.63500000000000001        308.80403261221471     
  0.64000000000000001        308.74882509272493     
  0.64500000000000002        308.51214130777038     
  0.65000000000000002        308.45441328459367     
  0.65500000000000003        308.22025000332599     
  0.66000000000000003        308.16000147646247     
  0.66500000000000004        307.92835869888165     
  0.67000000000000004        307.86558966833121     
  0.67500000000000004        307.63646739443737     
  0.68000000000000005        307.57117786019995     
  0.68500000000000005        307.34457608999310     
  0.68999999999999995        307.27676605206869     
  0.69499999999999995        307.05268478554882     
  0.69999999999999996        306.98235424393749     
  0.70499999999999996        306.76079348110460     
  0.70999999999999996        306.68794243580629     
  0.71499999999999997        306.46890217666032     
  0.71999999999999997        306.39353062767503     
  0.72499999999999998        306.17701087221604     
  0.72999999999999998        306.09911881954383     
  0.73499999999999999        305.88511956777182     
  0.73999999999999999        305.80470701141263     
  0.74500000000000000        305.59322826332766     
  0.75000000000000000        305.51029520328137     
  0.75500000000000000        305.30133695888344     
  0.76000000000000001        305.21588339515012     
  0.76500000000000001        305.00944565443922     
  0.77000000000000002        304.92147158701886     
  0.77500000000000002        304.71755434999500     
  0.78000000000000003        304.62705977888754     
  0.78500000000000003        304.42566304555078     
  0.79000000000000004        304.33264797075623     
  0.79500000000000004        304.13377174110656     
  0.80000000000000004        304.03823616262497     
  0.80500000000000005        303.84188043666234     
  0.81000000000000005        303.74382435449365     
  0.81499999999999995        303.54998913221812     
  0.81999999999999995        303.44941254636234     
  0.82499999999999996        303.25809782777390     
  0.82999999999999996        303.15500073823102     
  0.83499999999999996        302.96620652332973     
  0.83999999999999997        302.86058893009977     
  0.84499999999999997        302.67431521888551     
  0.84999999999999998        302.56617712196851     
  0.85499999999999998        302.38242391444129     
  0.85999999999999999        302.27176531383725     
  0.86499999999999999        302.09053260999707     
  0.87000000000000000        301.97735350570605     
  0.87500000000000000        301.79864130555285     
  0.88000000000000000        301.68294169757479     
  0.88500000000000001        301.50675000110863     
  0.89000000000000001        301.38852988944353     
  0.89500000000000002        301.21485869666441     
  0.90000000000000002        301.09411808131222     
  0.90500000000000003        300.92296739222019     
  0.91000000000000003        300.79970627318102     
  0.91500000000000004        300.63107608777591     
  0.92000000000000004        300.50529446504976     
  0.92500000000000004        300.33918478333163     
  0.93000000000000005        300.21088265691850     
  0.93500000000000005        300.04729347888741     
  0.93999999999999995        299.91647084878730     
  0.94499999999999995        299.75540217444319     
  0.94999999999999996        299.62205904065610     
  0.95499999999999996        299.46351086999897     
  0.95999999999999996        299.32764723252490     
  0.96499999999999997        299.17161956555481     
  0.96999999999999997        299.03323542439369     
  0.97499999999999998        298.87972826111059     
  0.97999999999999998        298.73882361626249     
  0.98499999999999999        298.58783695666637     
  0.98999999999999999        298.44441180813124     
  0.99500000000000000        298.29594565222214     
   1.0000000000000000        298.14999999999998     
