   5.0000000000000001E-003   500.00000000000000     
   1.0000000000000000E-002   498.10980394350054     
   1.4999999999999999E-002   496.25197239140005     
   2.0000000000000000E-002   494.32941183050173     
   2.5000000000000001E-002   492.50394478280009     
   2.9999999999999999E-002   490.54901971750292     
   3.5000000000000003E-002   488.75591717420025     
   4.0000000000000001E-002   486.76862760450416     
   4.4999999999999998E-002   485.00788956560029     
   5.0000000000000003E-002   482.98823549150535     
   5.5000000000000000E-002   481.25986195700034     
   5.9999999999999998E-002   479.20784337850654     
   6.5000000000000002E-002   477.51183434840038     
   7.0000000000000007E-002   475.42745126550773     
   7.4999999999999997E-002   473.76380673980037     
   8.0000000000000002E-002   471.64705915250903     
   8.5000000000000006E-002   470.01577913120036     
   8.9999999999999997E-002   467.86666703951028     
   9.5000000000000001E-002   466.26775152260029     
  0.10000000000000001        464.08627492651158     
  0.10500000000000000        462.51972391400028     
  0.11000000000000000        460.30588281351294     
  0.11500000000000000        458.77169630540016     
  0.12000000000000000        456.52549070051430     
  0.12500000000000000        455.02366869680003     
  0.13000000000000000        452.74509858751566     
  0.13500000000000001        451.27564108819990     
  0.14000000000000001        448.96470647451696     
  0.14499999999999999        447.52761347959984     
  0.14999999999999999        445.18431436151826     
  0.15500000000000000        443.77958587099977     
  0.16000000000000000        441.40392224851951     
  0.16500000000000001        440.03155826239964     
  0.17000000000000001        437.62353013552075     
  0.17499999999999999        436.28353065379957     
  0.17999999999999999        433.84313802252200     
  0.18500000000000000        432.53550304519945     
  0.19000000000000000        430.06274590952319     
  0.19500000000000001        428.78747543659932     
  0.20000000000000001        426.28235379652438     
  0.20499999999999999        425.03944782799914     
  0.20999999999999999        422.50196168352556     
  0.21500000000000000        421.29142021939896     
  0.22000000000000000        418.72156957052675     
  0.22500000000000001        417.54339261079878     
  0.23000000000000001        414.94117745752794     
  0.23499999999999999        413.79536500219854     
  0.23999999999999999        411.16078534452902     
  0.24500000000000000        410.04733739359830     
  0.25000000000000000        407.38039323153015     
  0.25500000000000000        406.29930978499800     
  0.26000000000000001        403.60000111853134     
  0.26500000000000001        402.55128217639771     
  0.27000000000000002        399.81960900553253     
  0.27500000000000002        398.80325456779741     
  0.28000000000000003        396.03921689253377     
  0.28499999999999998        395.05522695919711     
  0.28999999999999998        392.25882477953513     
  0.29499999999999998        391.30719935059687     
  0.29999999999999999        388.47843266653649     
  0.30499999999999999        387.55917174199664     
  0.31000000000000000        384.69804055353779     
  0.31500000000000000        383.81114413339640     
  0.32000000000000001        380.91764844053910     
  0.32500000000000001        380.06311652479616     
  0.33000000000000002        377.13725632754034     
  0.33500000000000002        376.31508891619586     
  0.34000000000000002        373.35686421454159     
  0.34499999999999997        372.56706130759551     
  0.34999999999999998        369.57647210154289     
  0.35499999999999998        368.81903369899521     
  0.35999999999999999        365.79607998854419     
  0.36499999999999999        365.07100609039480     
  0.37000000000000000        362.01568787554550     
  0.37500000000000000        361.32297848179445     
  0.38000000000000000        358.23529576254685     
  0.38500000000000001        357.57495087319404     
  0.39000000000000001        354.45490364954821     
  0.39500000000000002        353.82692326459363     
  0.40000000000000002        350.67451153654952     
  0.40500000000000003        350.07889565599322     
  0.40999999999999998        346.89411942355082     
  0.41499999999999998        346.33086804739281     
  0.41999999999999998        343.11372731055218     
  0.42499999999999999        342.58284043879246     
  0.42999999999999999        339.33333519755348     
  0.43500000000000000        338.83481283019205     
  0.44000000000000000        335.55294308455478     
  0.44500000000000001        335.08678522159170     
  0.45000000000000001        331.77255097155603     
  0.45500000000000002        331.33875761299134     
  0.46000000000000002        327.99215885855727     
  0.46500000000000002        327.59073000439111     
  0.46999999999999997        324.21176674555852     
  0.47499999999999998        323.84270239579087     
  0.47999999999999998        320.43137463255982     
  0.48499999999999999        320.09467478719063     
  0.48999999999999999        316.65098251956113     
  0.49500000000000000        316.34664717859039     
