  0.50249999999999995        312.66634444624191     
  0.50500000000000000        312.65546729398392     
  0.50749999999999995        312.52045153723446     
  0.51000000000000001        312.50894742232754     
  0.51249999999999996        312.37455862822696     
  0.51500000000000001        312.36242755067116     
  0.51749999999999996        312.22866571921946     
  0.52000000000000002        312.21590767901472     
  0.52249999999999996        312.08277281021196     
  0.52500000000000002        312.06938780735828     
  0.52749999999999997        311.93687990120446     
  0.53000000000000003        311.92286793570184     
  0.53249999999999997        311.79098699219702     
  0.53500000000000003        311.77634806404541     
  0.53749999999999998        311.64509408318958     
  0.54000000000000004        311.62982819238897     
  0.54249999999999998        311.49920117418213     
  0.54500000000000004        311.48330832073259     
  0.54749999999999999        311.35330826517469     
  0.55000000000000004        311.33678844907615     
  0.55249999999999999        311.20741535616730     
  0.55500000000000005        311.19026857741977     
  0.55750000000000000        311.06152244715986     
  0.56000000000000005        311.04374870576333     
  0.56250000000000000        310.91562953815242     
  0.56499999999999995        310.89722883410695     
  0.56750000000000000        310.76973662914492     
  0.56999999999999995        310.75070896245052     
  0.57250000000000001        310.62384372013747     
  0.57499999999999996        310.60418909079408     
  0.57750000000000001        310.47795081113003     
  0.57999999999999996        310.45766921913764     
  0.58250000000000002        310.33205790212253     
  0.58499999999999996        310.31114934748121     
  0.58750000000000002        310.18616499311509     
  0.58999999999999997        310.16462947582477     
  0.59250000000000003        310.04027208410764     
  0.59499999999999997        310.01810960416839     
  0.59750000000000003        309.89437917510020     
  0.59999999999999998        309.87158973251201     
  0.60250000000000004        309.74848626609275     
  0.60499999999999998        309.72506986085563     
  0.60750000000000004        309.60259335708531     
  0.60999999999999999        309.57854998919925     
  0.61250000000000004        309.45670044807787     
  0.61499999999999999        309.43203011754292     
  0.61750000000000005        309.31080753907037     
  0.62000000000000000        309.28551024588654     
  0.62250000000000005        309.16491463006287     
  0.62500000000000000        309.13899037423010     
  0.62749999999999995        309.01902172105537     
  0.63000000000000000        308.99247050257367     
  0.63249999999999995        308.87312881204787     
  0.63500000000000001        308.84595063091723     
  0.63749999999999996        308.72723590304037     
  0.64000000000000001        308.69943075926079     
  0.64249999999999996        308.58134299403287     
  0.64500000000000002        308.55291088760436     
  0.64749999999999996        308.43545008502542     
  0.65000000000000002        308.40639101594792     
  0.65249999999999997        308.28955717601804     
  0.65500000000000003        308.25987114429154     
  0.65749999999999997        308.14366426701065     
  0.66000000000000003        308.11335127263521     
  0.66249999999999998        307.99777135800321     
  0.66500000000000004        307.96683140097883     
  0.66749999999999998        307.85187844899582     
  0.67000000000000004        307.82031152932245     
  0.67249999999999999        307.70598553998838     
  0.67500000000000004        307.67379165766607     
  0.67749999999999999        307.56009263098093     
  0.68000000000000005        307.52727178600969     
  0.68250000000000000        307.41419972197355     
  0.68500000000000005        307.38075191435331     
  0.68750000000000000        307.26830681296616     
  0.68999999999999995        307.23423204269693     
  0.69250000000000000        307.12241390395872     
  0.69499999999999995        307.08771217104055     
  0.69750000000000001        306.97652099495133     
  0.69999999999999996        306.94119229938423     
  0.70250000000000001        306.83062808594394     
  0.70499999999999996        306.79467242772785     
  0.70750000000000002        306.68473517693650     
  0.70999999999999996        306.64815255607152     
  0.71250000000000002        306.53884226792906     
  0.71499999999999997        306.50163268441520     
  0.71750000000000003        306.39294935892161     
  0.71999999999999997        306.35511281275888     
  0.72250000000000003        306.24705644991411     
  0.72499999999999998        306.20859294110255     
  0.72750000000000004        306.10116354090661     
  0.72999999999999998        306.06207306944623     
  0.73250000000000004        305.95527063189917     
  0.73499999999999999        305.91555319778990     
  0.73750000000000004        305.80937772289172     
  0.73999999999999999        305.76903332613358     
  0.74250000000000005        305.66348481388434     
  0.74500000000000000        305.62251345447720     
  0.74750000000000005        305.51759190487689     
  0.75000000000000000        305.47599358282082     
  0.75249999999999995        305.37169899586945     
  0.75500000000000000        305.32947371116444     
  0.75749999999999995        305.22580608686195     
  0.76000000000000001        305.18295383950806     
  0.76249999999999996        305.07991317785451     
  0.76500000000000001        305.03643396785168     
  0.76749999999999996        304.93402026884706     
  0.77000000000000002        304.88991409619530     
  0.77249999999999996        304.78812735983962     
  0.77500000000000002        304.74339422453892     
  0.77749999999999997        304.64223445083218     
  0.78000000000000003        304.59687435288254     
  0.78249999999999997        304.49634154182473     
  0.78500000000000003        304.45035448122616     
  0.78749999999999998        304.35044863281729     
  0.79000000000000004        304.30383460956978     
  0.79249999999999998        304.20455572380985     
  0.79500000000000004        304.15731473791340     
  0.79749999999999999        304.05866281480235     
  0.80000000000000004        304.01079486625702     
  0.80249999999999999        303.91276990579490     
  0.80500000000000005        303.86427499460058     
  0.80750000000000000        303.76687699678746     
  0.81000000000000005        303.71775512294414     
  0.81250000000000000        303.62098408778002     
  0.81499999999999995        303.57123525128770     
  0.81750000000000000        303.47509117877263     
  0.81999999999999995        303.42471537963132     
  0.82250000000000001        303.32919826976524     
  0.82499999999999996        303.27819550797489     
  0.82750000000000001        303.18330536075780     
  0.82999999999999996        303.13167563631845     
  0.83250000000000002        303.03741245175036     
  0.83499999999999996        302.98515576466207     
  0.83750000000000002        302.89151954274297     
  0.83999999999999997        302.83863589300569     
  0.84250000000000003        302.74562663373558     
  0.84499999999999997        302.69211602134931     
  0.84750000000000003        302.59973372472814     
  0.84999999999999998        302.54559614969293     
  0.85250000000000004        302.45384081572075     
  0.85499999999999998        302.39907627803655     
  0.85750000000000004        302.30794790671331     
  0.85999999999999999        302.25255640638017     
  0.86250000000000004        302.16205499770587     
  0.86499999999999999        302.10603653472378     
  0.86750000000000005        302.01616208869842     
  0.87000000000000000        301.95951666306740     
  0.87250000000000005        301.87026917969104     
  0.87500000000000000        301.81299679141097     
  0.87749999999999995        301.72437627068359     
  0.88000000000000000        301.66647691975453     
  0.88249999999999995        301.57848336167615     
  0.88500000000000001        301.51995704809815     
  0.88749999999999996        301.43259045266871     
  0.89000000000000001        301.37343717644177     
  0.89249999999999996        301.28669754366126     
  0.89500000000000002        301.22691730478533     
  0.89749999999999996        301.14080463465382     
  0.90000000000000002        301.08039743312889     
  0.90249999999999997        300.99491172564638     
  0.90500000000000003        300.93387756147246     
  0.90749999999999997        300.84901881663893     
  0.91000000000000003        300.78735768981602     
  0.91249999999999998        300.70312590763149     
  0.91500000000000004        300.64083781815964     
  0.91749999999999998        300.55723299862404     
  0.92000000000000004        300.49431794650320     
  0.92249999999999999        300.41134008961660     
  0.92500000000000004        300.34779807484682     
  0.92749999999999999        300.26544718060916     
  0.93000000000000005        300.20127820319038     
  0.93250000000000000        300.11955427160171     
  0.93500000000000005        300.05475833153400     
  0.93750000000000000        299.97366136259427     
  0.93999999999999995        299.90823845987757     
  0.94250000000000000        299.82776845358677     
  0.94499999999999995        299.76171858822113     
  0.94750000000000001        299.68187554457927     
  0.94999999999999996        299.61519871656469     
  0.95250000000000001        299.53598263557177     
  0.95499999999999996        299.46867884490825     
  0.95750000000000002        299.39008972656427     
  0.95999999999999996        299.32215897325182     
  0.96250000000000002        299.24419681755677     
  0.96499999999999997        299.17563910159532     
  0.96750000000000003        299.09830390854921     
  0.96999999999999997        299.02911922993883     
  0.97250000000000003        298.95241099954166     
  0.97499999999999998        298.88259935828233     
  0.97750000000000004        298.80651809053410     
  0.97999999999999998        298.73607948662584     
  0.98250000000000004        298.66062518152654     
  0.98499999999999999        298.58955961496940     
  0.98750000000000004        298.51473227251904     
  0.98999999999999999        298.44303974331297     
  0.99250000000000005        298.36883936351143     
  0.99500000000000000        298.29651987165647     
  0.99750000000000005        298.22294645450381     
   1.0000000000000000        298.14999999999998     
