  0.35857142857142860        366.21096743625930     
  0.35999999999999999        365.34661336345289     
  0.36142857142857143        365.14065517574920     
  0.36285714285714288        364.27367801176729     
  0.36428571428571427        364.07034291523911     
  0.36571428571428571        363.20074266008163     
  0.36714285714285716        363.00003065472907     
  0.36857142857142855        362.12780730839603     
  0.37000000000000000        361.92971839421898     
  0.37142857142857144        361.05487195671043     
  0.37285714285714283        360.85940613370889     
  0.37428571428571428        359.98193660502488     
  0.37571428571428572        359.78909387319885     
  0.37714285714285717        358.90900125333928     
  0.37857142857142856        358.71878161268876     
  0.38000000000000000        357.83606590165374     
  0.38142857142857145        357.64846935217867     
  0.38285714285714284        356.76313054996814     
  0.38428571428571429        356.57815709166869     
  0.38571428571428573        355.69019519828254     
  0.38714285714285712        355.50784483115871     
  0.38857142857142857        354.61725984659705     
  0.39000000000000001        354.43753257064873     
  0.39142857142857140        353.54432449491156     
  0.39285714285714285        353.36722031013875     
  0.39428571428571429        352.47138914322602     
  0.39571428571428574        352.29690804962877     
  0.39714285714285713        351.39845379154053     
  0.39857142857142858        351.22659578911879     
  0.40000000000000002        350.32551843985499     
  0.40142857142857141        350.15628352860881     
  0.40285714285714286        349.25258308816944     
  0.40428571428571430        349.08597126809883     
  0.40571428571428569        348.17964773648396     
  0.40714285714285714        348.01565900758885     
  0.40857142857142859        347.10671238479841     
  0.40999999999999998        346.94534674707887     
  0.41142857142857142        346.03377703311287     
  0.41285714285714287        345.87503448656889     
  0.41428571428571431        344.96084168142738     
  0.41571428571428570        344.80472222605897     
  0.41714285714285715        343.88790632974195     
  0.41857142857142859        343.73440996554905     
  0.41999999999999998        342.81497097805646     
  0.42142857142857143        342.66409770503907     
  0.42285714285714288        341.74203562637098     
  0.42428571428571427        341.59378544452915     
  0.42571428571428571        340.66910027468549     
  0.42714285714285716        340.52347318401917     
  0.42857142857142855        339.59616492300006     
  0.42999999999999999        339.45316092350919     
  0.43142857142857144        338.52322957131457     
  0.43285714285714288        338.38284866299927     
  0.43428571428571427        337.45029421962914     
  0.43571428571428572        337.31253640248934     
  0.43714285714285717        336.37735886794377     
  0.43857142857142856        336.24222414197942     
  0.44000000000000000        335.30442351625840     
  0.44142857142857145        335.17191188146950     
  0.44285714285714284        334.23148816457297     
  0.44428571428571428        334.10159962095952     
  0.44571428571428573        333.15855281288759     
  0.44714285714285712        333.03128736044954     
  0.44857142857142857        332.08561746120228     
  0.45000000000000001        331.96097509993956     
  0.45142857142857140        331.01268210951690     
  0.45285714285714285        330.89066283942964     
  0.45428571428571429        329.93974675783153     
  0.45571428571428574        329.82035057891966     
  0.45714285714285713        328.86681140614616     
  0.45857142857142857        328.75003831840974     
  0.46000000000000002        327.79387605446078     
  0.46142857142857141        327.67972605789981     
  0.46285714285714286        326.72094070277541     
  0.46428571428571430        326.60941379738989     
  0.46571428571428569        325.64800535109003     
  0.46714285714285714        325.53910153687991     
  0.46857142857142858        324.57506999940466     
  0.46999999999999997        324.46878927636999     
  0.47142857142857142        323.50213464771929     
  0.47285714285714286        323.39847701586001     
  0.47428571428571431        322.42919929603386     
  0.47571428571428570        322.32816475535003     
  0.47714285714285715        321.35626394434848     
  0.47857142857142859        321.25785249484011     
  0.47999999999999998        320.28332859266311     
  0.48142857142857143        320.18754023433013     
  0.48285714285714287        319.21039324097774     
  0.48428571428571426        319.11722797382009     
  0.48571428571428571        318.13745788929231     
  0.48714285714285716        318.04691571331006     
  0.48857142857142855        317.06452253760688     
  0.48999999999999999        316.97660345280002     
  0.49142857142857144        315.99158718592145     
  0.49285714285714288        315.90629119228993     
  0.49428571428571427        314.91865183423602     
  0.49571428571428572        314.83597893177989     
  0.49714285714285716        313.84571648255059     
  0.49857142857142855        313.76566667126991     
  0.50000000000000000        312.77278113086516     
  0.50142857142857145        312.69535441075988     
  0.50285714285714289        312.68922238154613     
  0.50428571428571434        312.61199994422230     
  0.50571428571428567        312.60566363222716     
  0.50714285714285712        312.52864547768473     
  0.50857142857142856        312.52210488290820     
  0.51000000000000001        312.44529101114716     
  0.51142857142857145        312.43854613358917     
  0.51285714285714290        312.36193654460965     
  0.51428571428571423        312.35498738427015     
  0.51571428571428568        312.27858207807213     
  0.51714285714285713        312.27142863495112     
  0.51857142857142857        312.19522761153462     
  0.52000000000000002        312.18786988563210     
  0.52142857142857146        312.11187314499705     
  0.52285714285714291        312.10431113631307     
  0.52428571428571424        312.02851867845948     
  0.52571428571428569        312.02075238699405     
  0.52714285714285714        311.94516421192191     
  0.52857142857142858        311.93719363767497     
  0.53000000000000003        311.86180974538428     
  0.53142857142857147        311.85363488835594     
  0.53285714285714281        311.77845527884665     
  0.53428571428571425        311.77007613903686     
  0.53571428571428570        311.69510081230902     
  0.53714285714285714        311.68651738971778     
  0.53857142857142859        311.61174634577139     
  0.54000000000000004        311.60295864039870     
  0.54142857142857148        311.52839187923377     
  0.54285714285714282        311.51939989107956     
  0.54428571428571426        311.44503741269614     
  0.54571428571428571        311.43584114176048     
  0.54714285714285715        311.36168294615857     
  0.54857142857142860        311.35228239244140     
  0.55000000000000004        311.27832847962100     
  0.55142857142857138        311.26872364312237     
  0.55285714285714282        311.19497401308342     
  0.55428571428571427        311.18516489380329     
  0.55571428571428572        311.11161954654591     
  0.55714285714285716        311.10160614448426     
  0.55857142857142861        311.02826508000834     
  0.56000000000000005        311.01804739516524     
  0.56142857142857139        310.94491061347077     
  0.56285714285714283        310.93448864584622     
  0.56428571428571428        310.86155614693320     
  0.56571428571428573        310.85092989652719     
  0.56714285714285717        310.77820168039563     
  0.56857142857142862        310.76737114720817     
  0.56999999999999995        310.69484721385805     
  0.57142857142857140        310.68381239788903     
  0.57285714285714284        310.61149274732048     
  0.57428571428571429        310.60025364856989     
  0.57571428571428573        310.52813828078291     
  0.57714285714285718        310.51669489925075     
  0.57857142857142863        310.44478381424534     
  0.57999999999999996        310.43313614993167     
  0.58142857142857141        310.36142934770777     
  0.58285714285714285        310.34957740061259     
  0.58428571428571430        310.27807488117020     
  0.58571428571428574        310.26601865129351     
  0.58714285714285719        310.19472041463268     
  0.58857142857142852        310.18245990197437     
  0.58999999999999997        310.11136594809517     
  0.59142857142857141        310.09890115265523     
  0.59285714285714286        310.02801148155766     
  0.59428571428571431        310.01534240333609     
  0.59571428571428575        309.94465701502008     
  0.59714285714285720        309.93178365401695     
  0.59857142857142853        309.86130254848251     
  0.59999999999999998        309.84822490469776     
  0.60142857142857142        309.77794808194494     
  0.60285714285714287        309.76466615537856     
  0.60428571428571431        309.69459361540737     
  0.60571428571428576        309.68110740605943     
  0.60714285714285710        309.61123914886986     
  0.60857142857142854        309.59754865674029     
  0.60999999999999999        309.52788468233234     
  0.61142857142857143        309.51398990742115     
  0.61285714285714288        309.44453021579483     
  0.61428571428571432        309.43043115810201     
  0.61571428571428577        309.36117574925737     
  0.61714285714285710        309.34687240878287     
  0.61857142857142855        309.27782128271991     
  0.62000000000000000        309.26331365946379     
  0.62142857142857144        309.19446681618246     
  0.62285714285714289        309.17975491014465     
  0.62428571428571433        309.11111234964500     
  0.62571428571428567        309.09619616082551     
  0.62714285714285711        309.02775788310760     
  0.62857142857142856        309.01263741150638     
  0.63000000000000000        308.94440341657014     
  0.63142857142857145        308.92907866218724     
  0.63285714285714290        308.86104895003274     
  0.63428571428571423        308.84551991286810     
  0.63571428571428568        308.77769448349528     
  0.63714285714285712        308.76196116354890     
  0.63857142857142857        308.69434001695782     
  0.64000000000000001        308.67840241422971     
  0.64142857142857146        308.61098555042037     
  0.64285714285714290        308.59484366491051     
  0.64428571428571424        308.52763108388291     
  0.64571428571428569        308.51128491559132     
  0.64714285714285713        308.44427661734551     
  0.64857142857142858        308.42772616627218     
  0.65000000000000002        308.36092215080805     
  0.65142857142857147        308.34416741695304     
  0.65285714285714280        308.27756768427059     
  0.65428571428571425        308.26060866763385     
  0.65571428571428569        308.19421321773319     
  0.65714285714285714        308.17704991831471     
  0.65857142857142859        308.11085875119574     
  0.66000000000000003        308.09349116899557     
  0.66142857142857148        308.02750428465833     
  0.66285714285714281        308.00993241967643     
  0.66428571428571426        307.94414981812099     
  0.66571428571428570        307.92637367035729     
  0.66714285714285715        307.86079535158359     
  0.66857142857142859        307.84281492103815     
  0.67000000000000004        307.77744088504619     
  0.67142857142857137        307.75925617171896     
  0.67285714285714282        307.69408641850879     
  0.67428571428571427        307.67569742239976     
  0.67571428571428571        307.61073195197139     
  0.67714285714285716        307.59213867308057     
  0.67857142857142860        307.52737748543399     
  0.68000000000000005        307.50857992376143     
  0.68142857142857138        307.44402301889664     
  0.68285714285714283        307.42502117444224     
  0.68428571428571427        307.36066855235930     
  0.68571428571428572        307.34146242512304     
  0.68714285714285717        307.27731408582196     
  0.68857142857142861        307.25790367580385     
  0.68999999999999995        307.19395961928461     
  0.69142857142857139        307.17434492648465     
  0.69285714285714284        307.11060515274727     
  0.69428571428571428        307.09078617716546     
  0.69571428571428573        307.02725068620992     
  0.69714285714285718        307.00722742784620     
  0.69857142857142862        306.94389621967252     
  0.69999999999999996        306.92366867852701     
  0.70142857142857140        306.86054175313512     
  0.70285714285714285        306.84010992920776     
  0.70428571428571429        306.77718728659778     
  0.70571428571428574        306.75655117988856     
  0.70714285714285718        306.69383282006038     
  0.70857142857142852        306.67299243056931     
  0.70999999999999996        306.61047835352298     
  0.71142857142857141        306.58943368125006     
  0.71285714285714286        306.52712388698563     
  0.71428571428571430        306.50587493193086     
  0.71571428571428575        306.44376942044829     
  0.71714285714285719        306.42231618261167     
  0.71857142857142853        306.36041495391100     
  0.71999999999999997        306.33875743329241     
  0.72142857142857142        306.27706048737372     
  0.72285714285714286        306.25519868397322     
  0.72428571428571431        306.19370602083649     
  0.72571428571428576        306.17163993465397     
  0.72714285714285709        306.11035155429920     
  0.72857142857142854        306.08808118533472     
  0.72999999999999998        306.02699708776191     
  0.73142857142857143        306.00452243601541     
  0.73285714285714287        305.94364262122463     
  0.73428571428571432        305.92096368669615     
  0.73571428571428577        305.86028815468728     
  0.73714285714285710        305.83740493737690     
  0.73857142857142855        305.77693368815000     
  0.73999999999999999        305.75384618805765     
  0.74142857142857144        305.69357922161265     
  0.74285714285714288        305.67028743873834     
  0.74428571428571433        305.61022475507536     
  0.74571428571428566        305.58672868941903     
  0.74714285714285711        305.52687028853808     
  0.74857142857142855        305.50316994009972     
  0.75000000000000000        305.44351582200079     
  0.75142857142857145        305.41961119078036     
  0.75285714285714289        305.36016135546350     
  0.75428571428571434        305.33605244146105     
  0.75571428571428567        305.27680688892622     
  0.75714285714285712        305.25249369214174     
  0.75857142857142856        305.19345242238893     
  0.76000000000000001        305.16893494282237     
  0.76142857142857145        305.11009795585159     
  0.76285714285714290        305.08537619350301     
  0.76428571428571423        305.02674348931430     
  0.76571428571428568        305.00181744418359     
  0.76714285714285713        304.94338902277701     
  0.76857142857142857        304.91825869486422     
  0.77000000000000002        304.86003455623973     
  0.77142857142857146        304.83469994554486     
  0.77285714285714291        304.77668008970244     
  0.77428571428571424        304.75114119622543     
  0.77571428571428569        304.69332562316521     
  0.77714285714285714        304.66758244690601     
  0.77857142857142858        304.60997115662792     
  0.78000000000000003        304.58402369758659     
  0.78142857142857147        304.52661669009069     
  0.78285714285714281        304.50046494826711     
  0.78428571428571425        304.44326222355346     
  0.78571428571428570        304.41690619894774     
  0.78714285714285714        304.35990775701623     
  0.78857142857142859        304.33334744962832     
  0.79000000000000004        304.27655329047900     
  0.79142857142857148        304.24978870030890     
  0.79285714285714282        304.19319882394177     
  0.79428571428571426        304.16622995098948     
  0.79571428571428571        304.10984435740454     
  0.79714285714285715        304.08267120167005     
  0.79857142857142860        304.02648989086731     
  0.80000000000000004        303.99911245235069     
  0.80142857142857138        303.94313542433014     
  0.80285714285714282        303.91555370303126     
  0.80428571428571427        303.85978095779296     
  0.80571428571428572        303.83199495371184     
  0.80714285714285716        303.77642649125579     
  0.80857142857142861        303.74843620439236     
  0.81000000000000005        303.69307202471867     
  0.81142857142857139        303.66487745507294     
  0.81285714285714283        303.60971755818150     
  0.81428571428571428        303.58131870575346     
  0.81571428571428573        303.52636309164438     
  0.81714285714285717        303.49775995643398     
  0.81857142857142862        303.44300862510727     
  0.81999999999999995        303.41420120711456     
  0.82142857142857140        303.35965415857015     
  0.82285714285714284        303.33064245779514     
  0.82428571428571429        303.27629969203298     
  0.82571428571428573        303.24708370847571     
  0.82714285714285718        303.19294522549581     
  0.82857142857142863        303.16352495915635     
  0.82999999999999996        303.10959075895863     
  0.83142857142857141        303.07996620983698     
  0.83285714285714285        303.02623629242140     
  0.83428571428571430        302.99640746051762     
  0.83571428571428574        302.94288182588417     
  0.83714285714285719        302.91284871119825     
  0.83857142857142852        302.85952735934694     
  0.83999999999999997        302.82928996187894     
  0.84142857142857141        302.77617289280977     
  0.84285714285714286        302.74573121255963     
  0.84428571428571431        302.69281842627259     
  0.84571428571428575        302.66217246324032     
  0.84714285714285720        302.60946395973536     
  0.84857142857142853        302.57861371392096     
  0.84999999999999998        302.52610949319813     
  0.85142857142857142        302.49505496460165     
  0.85285714285714287        302.44275502666096     
  0.85428571428571431        302.41149621528228     
  0.85571428571428576        302.35940056012373     
  0.85714285714285710        302.32793746596298     
  0.85857142857142854        302.27604609358650     
  0.85999999999999999        302.24437871664361     
  0.86142857142857143        302.19269162704927     
  0.86285714285714288        302.16081996732424     
  0.86428571428571432        302.10933716051204     
  0.86571428571428577        302.07726121800488     
  0.86714285714285710        302.02598269397481     
  0.86857142857142855        301.99370246868557     
  0.87000000000000000        301.94262822743758     
  0.87142857142857144        301.91014371936626     
  0.87285714285714289        301.85927376090035     
  0.87428571428571433        301.82658497004695     
  0.87571428571428567        301.77591929436318     
  0.87714285714285711        301.74302622072764     
  0.87857142857142856        301.69256482782600     
  0.88000000000000000        301.65946747140833     
  0.88142857142857145        301.60921036128883     
  0.88285714285714290        301.57590872208897     
  0.88428571428571423        301.52585589475166     
  0.88571428571428568        301.49234997276960     
  0.88714285714285712        301.44250142821448     
  0.88857142857142857        301.40879122345029     
  0.89000000000000001        301.35914696167731     
  0.89142857142857146        301.32523247413098     
  0.89285714285714290        301.27579249514014     
  0.89428571428571424        301.24167372481168     
  0.89571428571428569        301.19243802860296     
  0.89714285714285713        301.15811497549237     
  0.89857142857142858        301.10908356206579     
  0.90000000000000002        301.07455622617306     
  0.90142857142857147        301.02572909552867     
  0.90285714285714280        300.99099747685375     
  0.90428571428571425        300.94237462899156     
  0.90571428571428569        300.90743872753444     
  0.90714285714285714        300.85902016245444     
  0.90857142857142859        300.82387997821519     
  0.91000000000000003        300.77566569591733     
  0.91142857142857148        300.74032122889594     
  0.91285714285714281        300.69231122938021     
  0.91428571428571426        300.65676247957674     
  0.91571428571428570        300.60895676284309     
  0.91714285714285715        300.57320373025755     
  0.91857142857142859        300.52560229630592     
  0.92000000000000004        300.48964498093829     
  0.92142857142857137        300.44224782976880     
  0.92285714285714282        300.40608623161904     
  0.92428571428571427        300.35889336323163     
  0.92571428571428571        300.32252748229979     
  0.92714285714285716        300.27553889669451     
  0.92857142857142860        300.23896873298054     
  0.93000000000000005        300.19218443015745     
  0.93142857142857138        300.15540998366129     
  0.93285714285714283        300.10882996362039     
  0.93428571428571427        300.07185123434203     
  0.93571428571428572        300.02547549708333     
  0.93714285714285717        299.98829248502278     
  0.93857142857142861        299.94212103054628     
  0.93999999999999995        299.90473373570359     
  0.94142857142857139        299.85876656400922     
  0.94285714285714284        299.82117498638439     
  0.94428571428571428        299.77541209747216     
  0.94571428571428573        299.73761623706520     
  0.94714285714285718        299.69205763093510     
  0.94857142857142862        299.65405748774600     
  0.94999999999999996        299.60870316439804     
  0.95142857142857140        299.57049873842681     
  0.95285714285714285        299.52534869786103     
  0.95428571428571429        299.48693998910761     
  0.95571428571428574        299.44199423132403     
  0.95714285714285718        299.40338123978842     
  0.95857142857142852        299.35863976478697     
  0.95999999999999996        299.31982249046916     
  0.96142857142857141        299.27528529824991     
  0.96285714285714286        299.23626374114991     
  0.96428571428571430        299.19193083171285     
  0.96571428571428575        299.15270499183066     
  0.96714285714285719        299.10857636517579     
  0.96857142857142853        299.06914624251141     
  0.96999999999999997        299.02522189863873     
  0.97142857142857142        298.98558749319221     
  0.97285714285714286        298.94186743210173     
  0.97428571428571431        298.90202874387302     
  0.97571428571428576        298.85851296556473     
  0.97714285714285709        298.81846999455377     
  0.97857142857142854        298.77515849902773     
  0.97999999999999998        298.73491124523457     
  0.98142857142857143        298.69180403249072     
  0.98285714285714287        298.65135249591538     
  0.98428571428571432        298.60844956595372     
  0.98571428571428577        298.56779374659618     
  0.98714285714285710        298.52509509941672     
  0.98857142857142855        298.48423499727693     
  0.98999999999999999        298.44174063287966     
  0.99142857142857144        298.40067624795768     
  0.99285714285714288        298.35838616634260     
  0.99428571428571433        298.31711749863848     
  0.99571428571428566        298.27503169980554     
  0.99714285714285711        298.23355874931923     
  0.99857142857142855        298.19167723326848     
   1.0000000000000000        298.14999999999998     
