   1.6666666666666668E-003   500.00000000000000     
   3.3333333333333335E-003   499.37384368325792     
   5.0000000000000001E-003   498.75125939018994     
   6.6666666666666671E-003   498.12153104977358     
   8.3333333333333332E-003   497.50251878037989     
   1.0000000000000000E-002   496.86921841628919     
   1.1666666666666667E-002   496.25377817056977     
   1.3333333333333334E-002   495.61690578280479     
   1.4999999999999999E-002   495.00503756075972     
   1.6666666666666666E-002   494.36459314932046     
   1.8333333333333333E-002   493.75629695094972     
   2.0000000000000000E-002   493.11228051583618     
   2.1666666666666667E-002   492.50755634113966     
   2.3333333333333334E-002   491.85996788235184     
   2.5000000000000001E-002   491.25881573132966     
   2.6666666666666668E-002   490.60765524886745     
   2.8333333333333332E-002   490.01007512151961     
   2.9999999999999999E-002   489.35534261538305     
   3.1666666666666669E-002   488.76133451170961     
   3.3333333333333333E-002   488.10302998189866     
   3.5000000000000003E-002   487.51259390189961     
   3.6666666666666667E-002   486.85071734841432     
   3.8333333333333330E-002   486.26385329208961     
   4.0000000000000001E-002   485.59840471493004     
   4.1666666666666664E-002   485.01511268227961     
   4.3333333333333335E-002   484.34609208144576     
   4.4999999999999998E-002   483.76637207246955     
   4.6666666666666669E-002   483.09377944796142     
   4.8333333333333332E-002   482.51763146265949     
   5.0000000000000003E-002   481.84146681447709     
   5.1666666666666666E-002   481.26889085284944     
   5.3333333333333337E-002   480.58915418099281     
   5.5000000000000000E-002   480.02015024303932     
   5.6666666666666664E-002   479.33684154750841     
   5.8333333333333334E-002   478.77140963322915     
   5.9999999999999998E-002   478.08452891402408     
   6.1666666666666668E-002   477.52266902341904     
   6.3333333333333339E-002   476.83221628053980     
   6.5000000000000002E-002   476.27392841360887     
   6.6666666666666666E-002   475.57990364705552     
   6.8333333333333329E-002   475.02518780379876     
   7.0000000000000007E-002   474.32759101357129     
   7.1666666666666670E-002   473.77644719398870     
   7.3333333333333334E-002   473.07527838008707     
   7.4999999999999997E-002   472.52770658417865     
   7.6666666666666661E-002   471.82296574660296     
   7.8333333333333338E-002   471.27896597436859     
   8.0000000000000002E-002   470.57065311311885     
   8.1666666666666665E-002   470.03022536455853     
   8.3333333333333329E-002   469.31834047963480     
   8.5000000000000006E-002   468.78148475474848     
   8.6666666666666670E-002   468.06602784615075     
   8.8333333333333333E-002   467.53274414493848     
   8.9999999999999997E-002   466.81371521266669     
   9.1666666666666660E-002   466.28400353512836     
   9.3333333333333338E-002   465.56140257918258     
   9.5000000000000001E-002   465.03526292531825     
   9.6666666666666665E-002   464.30908994569847     
   9.8333333333333328E-002   463.78652231550819     
  0.10000000000000001        463.05677731221442     
  0.10166666666666667        462.53778170569808     
  0.10333333333333333        461.80446467873026     
  0.10500000000000000        461.28904109588802     
  0.10666666666666667        460.55215204524609     
  0.10833333333333334        460.04030048607791     
  0.11000000000000000        459.29983941176192     
  0.11166666666666666        458.79155987626774     
  0.11333333333333333        458.04752677827776     
  0.11500000000000000        457.54281926645763     
  0.11666666666666667        456.79521414479365     
  0.11833333333333333        456.29407865664757     
  0.12000000000000000        455.54290151130954     
  0.12166666666666667        455.04533804683740     
  0.12333333333333334        454.29058887782543     
  0.12500000000000000        453.79659743702729     
  0.12666666666666668        453.03827624434132     
  0.12833333333333333        452.54785682721717     
  0.13000000000000000        451.78596361085721     
  0.13166666666666665        451.29911621740712     
  0.13333333333333333        450.53365097737310     
  0.13500000000000001        450.05037560759706     
  0.13666666666666666        449.28133834388905     
  0.13833333333333334        448.80163499778700     
  0.14000000000000001        448.02902571040494     
  0.14166666666666666        447.55289438797695     
  0.14333333333333334        446.77671307692088     
  0.14499999999999999        446.30415377816689     
  0.14666666666666667        445.52440044343689     
  0.14833333333333334        445.05541316835684     
  0.14999999999999999        444.27208780995295     
  0.15166666666666667        443.80667255854678     
  0.15333333333333332        443.01977517646901     
  0.15500000000000000        442.55793194873672     
  0.15666666666666668        441.76746254298507     
  0.15833333333333333        441.30919133892667     
  0.16000000000000000        440.51514990950119     
  0.16166666666666665        440.06045072911661     
  0.16333333333333333        439.26283727601731     
  0.16500000000000001        438.81171011930661     
  0.16666666666666666        438.01052464253343     
  0.16833333333333333        437.56296950949661     
  0.17000000000000001        436.75821200904954     
  0.17166666666666666        436.31422889968661     
  0.17333333333333334        435.50589937556560     
  0.17499999999999999        435.06548828987667     
  0.17666666666666667        434.25358674208167     
  0.17833333333333334        433.81674768006667     
  0.17999999999999999        433.00127410859778     
  0.18166666666666667        432.56800707025667     
  0.18333333333333332        431.74896147511390     
  0.18500000000000000        431.31926646044661     
  0.18666666666666668        430.49664884163002     
  0.18833333333333332        430.07052585063656     
  0.19000000000000000        429.24433620814619     
  0.19166666666666668        428.82178524082661     
  0.19333333333333333        427.99202357466237     
  0.19500000000000001        427.57304463101667     
  0.19666666666666666        426.73971094117854     
  0.19833333333333333        426.32430402120667     
  0.20000000000000001        425.48739830769472     
  0.20166666666666666        425.07556341139667     
  0.20333333333333334        424.23508567421089     
  0.20499999999999999        423.82682280158662     
  0.20666666666666667        422.98277304072701     
  0.20833333333333334        422.57808219177662     
  0.20999999999999999        421.73046040724319     
  0.21166666666666667        421.32934158196656     
  0.21333333333333335        420.47814777375936     
  0.21500000000000000        420.08060097215650     
  0.21666666666666667        419.22583514027554     
  0.21833333333333332        418.83186036234650     
  0.22000000000000000        417.97352250679165     
  0.22166666666666668        417.58311975253650     
  0.22333333333333333        416.72120987330777     
  0.22500000000000001        416.33437914272650     
  0.22666666666666666        415.46889723982389     
  0.22833333333333333        415.08563853291651     
  0.23000000000000001        414.21658460633995     
  0.23166666666666666        413.83689792310645     
  0.23333333333333334        412.96427197285601     
  0.23499999999999999        412.58815731329645     
  0.23666666666666666        411.71195933937213     
  0.23833333333333334        411.33941670348645     
  0.23999999999999999        410.45964670588830     
  0.24166666666666667        410.09067609367639     
  0.24333333333333335        409.20733407240442     
  0.24500000000000000        408.84193548386634     
  0.24666666666666667        407.95502143892060     
  0.24833333333333332        407.59319487405628     
  0.25000000000000000        406.70270880543671     
  0.25166666666666665        406.34445426424628     
  0.25333333333333335        405.45039617195283     
  0.25500000000000000        405.09571365443622     
  0.25666666666666665        404.19808353846901     
  0.25833333333333336        403.84697304462622     
  0.26000000000000001        402.94577090498524     
  0.26166666666666666        402.59823243481623     
  0.26333333333333331        401.69345827150136     
  0.26500000000000001        401.34949182500628     
  0.26666666666666666        400.44114563801747     
  0.26833333333333331        400.10075121519628     
  0.27000000000000002        399.18883300453359     
  0.27166666666666667        398.85201060538628     
  0.27333333333333332        397.93652037104965     
  0.27500000000000002        397.60326999557628     
  0.27666666666666667        396.68420773756577     
  0.27833333333333332        396.35452938576617     
  0.28000000000000003        395.43189510408183     
  0.28166666666666668        395.10578877595611     
  0.28333333333333333        394.17958247059784     
  0.28499999999999998        393.85704816614611     
  0.28666666666666668        392.92726983711390     
  0.28833333333333333        392.60830755633611     
  0.28999999999999998        391.67495720362996     
  0.29166666666666669        391.35956694652617     
  0.29333333333333333        390.42264457014596     
  0.29499999999999998        390.11082633671623     
  0.29666666666666669        389.17033193666202     
  0.29833333333333334        388.86208572690634     
  0.29999999999999999        387.91801930317808     
  0.30166666666666669        387.61334511709646     
  0.30333333333333334        386.66570666969409     
  0.30499999999999999        386.36460450728651     
  0.30666666666666664        385.41339403621009     
  0.30833333333333335        385.11586389747663     
  0.31000000000000000        384.16108140272610     
  0.31166666666666665        383.86712328766674     
  0.31333333333333335        382.90876876924210     
  0.31500000000000000        382.61838267785691     
  0.31666666666666665        381.65645613575805     
  0.31833333333333336        381.36964206804703     
  0.32000000000000001        380.40414350227400     
  0.32166666666666666        380.12090145823714     
  0.32333333333333331        379.15183086878989     
  0.32500000000000001        378.87216084842726     
  0.32666666666666666        377.89951823530583     
  0.32833333333333331        377.62342023861731     
  0.33000000000000002        376.64720560182172     
  0.33166666666666667        376.37467962880737     
  0.33333333333333331        375.39489296833762     
  0.33500000000000002        375.12593901899737     
  0.33666666666666667        374.14258033485356     
  0.33833333333333332        373.87719840918743     
  0.34000000000000002        372.89026770136951     
  0.34166666666666667        372.62845779937749     
  0.34333333333333332        371.63795506788551     
  0.34499999999999997        371.37971718956754     
  0.34666666666666668        370.38564243440152     
  0.34833333333333333        370.13097657975766     
  0.34999999999999998        369.13332980091752     
  0.35166666666666668        368.88223596994777     
  0.35333333333333333        367.88101716743358     
  0.35499999999999998        367.63349536013789     
  0.35666666666666669        366.62870453394959     
  0.35833333333333334        366.38475475032800     
  0.35999999999999999        365.37639190046559     
  0.36166666666666669        365.13601414051806     
  0.36333333333333334        364.12407926698160     
  0.36499999999999999        363.88727353070806     
  0.36666666666666664        362.87176663349754     
  0.36833333333333335        362.63853292089806     
  0.37000000000000000        361.61945400001349     
  0.37166666666666665        361.38979231108800     
  0.37333333333333335        360.36714136652944     
  0.37500000000000000        360.14105170127800     
  0.37666666666666665        359.11482873304539     
  0.37833333333333335        358.89231109146800     
  0.38000000000000000        357.86251609956139     
  0.38166666666666665        357.64357048165806     
  0.38333333333333336        356.61020346607745     
  0.38500000000000001        356.39482987184806     
  0.38666666666666666        355.35789083259351     
  0.38833333333333331        355.14608926203812     
  0.39000000000000001        354.10557819910957     
  0.39166666666666666        353.89734865222817     
  0.39333333333333331        352.85326556562558     
  0.39500000000000002        352.64860804241818     
  0.39666666666666667        351.60095293214152     
  0.39833333333333332        351.39986743260818     
  0.40000000000000002        350.34864029865747     
  0.40166666666666667        350.15112682279818     
  0.40333333333333332        349.09632766517336     
  0.40500000000000003        348.90238621298818     
  0.40666666666666668        347.84401503168925     
  0.40833333333333333        347.65364560317818     
  0.40999999999999998        346.59170239820520     
  0.41166666666666668        346.40490499336812     
  0.41333333333333333        345.33938976472115     
  0.41499999999999998        345.15616438355812     
  0.41666666666666669        344.08707713123709     
  0.41833333333333333        343.90742377374801     
  0.41999999999999998        342.83476449775310     
  0.42166666666666669        342.65868316393795     
  0.42333333333333334        341.58245186426910     
  0.42499999999999999        341.40994255412789     
  0.42666666666666669        340.33013923078511     
  0.42833333333333334        340.16120194431778     
  0.42999999999999999        339.07782659730111     
  0.43166666666666664        338.91246133450767     
  0.43333333333333335        337.82551396381706     
  0.43500000000000000        337.66372072469755     
  0.43666666666666665        336.57320133033301     
  0.43833333333333335        336.41498011488750     
  0.44000000000000000        335.32088869684901     
  0.44166666666666665        335.16623950507739     
  0.44333333333333336        334.06857606336501     
  0.44500000000000001        333.91749889526727     
  0.44666666666666666        332.81626342988108     
  0.44833333333333331        332.66875828545716     
  0.45000000000000001        331.56395079639719     
  0.45166666666666666        331.42001767564710     
  0.45333333333333331        330.31163816291331     
  0.45500000000000002        330.17127706583699     
  0.45666666666666667        329.05932552942943     
  0.45833333333333331        328.92253645602688     
  0.46000000000000002        327.80701289594549     
  0.46166666666666667        327.67379584621676     
  0.46333333333333332        326.55470026246155     
  0.46500000000000002        326.42505523640665     
  0.46666666666666667        325.30238762897761     
  0.46833333333333332        325.17631462659654     
  0.46999999999999997        324.05007499549367     
  0.47166666666666668        323.92757401678642     
  0.47333333333333333        322.79776236200973     
  0.47499999999999998        322.67883340697631     
  0.47666666666666668        321.54544972852580     
  0.47833333333333333        321.43009279716625     
  0.47999999999999998        320.29313709504186     
  0.48166666666666669        320.18135218735614     
  0.48333333333333334        319.04082446155786     
  0.48499999999999999        318.93261157754608     
  0.48666666666666669        317.78851182807381     
  0.48833333333333334        317.68387096773597     
  0.48999999999999999        316.53619919458976     
  0.49166666666666664        316.43513035792591     
  0.49333333333333335        315.28388656110576     
  0.49500000000000000        315.18638974811586     
  0.49666666666666665        314.03157392762171     
  0.49833333333333335        313.93764913830574     
