  1.0000000000000000E-002   500.00000000000000     
  2.0000000000000000E-002   496.18387229353152     
  2.9999999999999999E-002   492.49852091231128     
  4.0000000000000001E-002   488.55161688059457     
  5.0000000000000003E-002   484.99704182462256     
  5.9999999999999998E-002   480.91936146765772     
  7.0000000000000007E-002   477.49556273693395     
  8.0000000000000002E-002   473.28710605472088     
  8.9999999999999997E-002   469.99408364924523     
  0.10000000000000001        465.65485064178398     
  0.11000000000000000        462.49260456155650     
  0.12000000000000000        458.02259522884708     
  0.13000000000000000        454.99112547386778     
  0.14000000000000001        450.39033981591024     
  0.14999999999999999        447.48964638617906     
  0.16000000000000000        442.75808440297345     
  0.17000000000000001        439.98816729849028     
  0.17999999999999999        435.12582899003661     
  0.19000000000000000        432.48668821080150     
  0.20000000000000001        427.49357357709982     
  0.20999999999999999        424.98520912311267     
  0.22000000000000000        419.86131816416309     
  0.23000000000000001        417.48373003542383     
  0.23999999999999999        412.22906275122637     
  0.25000000000000000        409.98225094773500     
  0.26000000000000001        404.59680733828964     
  0.27000000000000002        402.48077186004610     
  0.28000000000000003        396.96455192535285     
  0.28999999999999998        394.97929277235727     
  0.29999999999999999        389.33229651241606     
  0.31000000000000000        387.47781368466843     
  0.32000000000000001        381.70004109947922     
  0.33000000000000002        379.97633459697954     
  0.34000000000000002        374.06778568654232     
  0.34999999999999998        372.47485550929076     
  0.35999999999999999        366.43553027360548     
  0.37000000000000000        364.97337642160187     
  0.38000000000000000        358.80327486066858     
  0.39000000000000001        357.47189733391303     
  0.40000000000000002        351.17101944773168     
  0.40999999999999998        349.97041824622414     
  0.41999999999999998        343.53876403479478     
  0.42999999999999999        342.46893915853525     
  0.44000000000000000        335.90650862185788     
  0.45000000000000001        334.96746007084636     
  0.46000000000000002        328.27425320892098     
  0.46999999999999997        327.46598098315741     
  0.47999999999999998        320.64199779598408     
  0.48999999999999999        319.96450189546846     