   2.0000000000000000E-003   500.00000000000000     
   4.0000000000000001E-003   499.24814595653731     
   6.0000000000000001E-003   498.50143906838332     
   8.0000000000000002E-003   497.74443786961194     
   1.0000000000000000E-002   497.00287813676664     
   1.2000000000000000E-002   496.24072978268657     
   1.4000000000000000E-002   495.50431720514996     
   1.6000000000000000E-002   494.73702169576120     
   1.7999999999999999E-002   494.00575627353328     
   2.0000000000000000E-002   493.23331360883583     
   2.1999999999999999E-002   492.50719534191660     
   2.4000000000000000E-002   491.72960552191046     
   2.5999999999999999E-002   491.00863441029986     
   2.8000000000000001E-002   490.22589743498509     
   2.9999999999999999E-002   489.51007347868313     
   3.2000000000000001E-002   488.72218934805977     
   3.4000000000000002E-002   488.01151254706645     
   3.5999999999999997E-002   487.21848126113434     
   3.7999999999999999E-002   486.51295161544971     
   4.0000000000000001E-002   485.71477317420886     
   4.2000000000000003E-002   485.01439068383303     
   4.3999999999999997E-002   484.21106508728337     
   4.5999999999999999E-002   483.51582975221640     
   4.8000000000000001E-002   482.70735700035789     
   5.0000000000000003E-002   482.01726882059978     
   5.1999999999999998E-002   481.20364891343246     
   5.3999999999999999E-002   480.51870788898316     
   5.6000000000000001E-002   479.69994082650697     
   5.8000000000000003E-002   479.02014695736653     
   5.9999999999999998E-002   478.19623273958149     
   6.2000000000000000E-002   477.52158602574991     
   6.4000000000000001E-002   476.69252465265600     
   6.6000000000000003E-002   476.02302509413323     
   6.8000000000000005E-002   475.18881656573052     
   7.0000000000000007E-002   474.52446416251661     
   7.1999999999999995E-002   473.68510847880503     
   7.3999999999999996E-002   473.02590323089993     
   7.5999999999999998E-002   472.18140039187961     
   7.8000000000000000E-002   471.52734229928325     
   8.0000000000000002E-002   470.67769230495412     
   8.2000000000000003E-002   470.02878136766657     
   8.4000000000000005E-002   469.17398421802869     
   8.5999999999999993E-002   468.53022043604994     
   8.7999999999999995E-002   467.67027613110326     
   8.9999999999999997E-002   467.03165950443332     
   9.1999999999999998E-002   466.16656804417784     
   9.4000000000000000E-002   465.53309857281675     
   9.6000000000000002E-002   464.66285995725241     
   9.8000000000000004E-002   464.03453764120013     
  0.10000000000000001        463.15915187032698     
  0.10199999999999999        462.53597670958357     
  0.10400000000000000        461.65544378340155     
  0.10600000000000000        461.03741577796700     
  0.10800000000000000        460.15173569647618     
  0.11000000000000000        459.53885484635049     
  0.11200000000000000        458.64802760955075     
  0.11400000000000000        458.04029391473398     
  0.11600000000000001        457.14431952262538     
  0.11799999999999999        456.54173298311747     
  0.12000000000000000        455.64061143570001     
  0.12200000000000000        455.04317205150096     
  0.12400000000000000        454.13690334877458     
  0.12600000000000000        453.54461111988451     
  0.12800000000000000        452.63319526184915     
  0.13000000000000000        452.04605018826805     
  0.13200000000000001        451.12948717492372     
  0.13400000000000001        450.54748925665155     
  0.13600000000000001        449.62577908799835     
  0.13800000000000001        449.04892832503498     
  0.14000000000000001        448.12207100107304     
  0.14199999999999999        447.55036739341847     
  0.14399999999999999        446.61836291414772     
  0.14599999999999999        446.05180646180196     
  0.14799999999999999        445.11465482722235     
  0.14999999999999999        444.55324553018545     
  0.15200000000000000        443.61094674029704     
  0.15400000000000000        443.05468459856888     
  0.15600000000000000        442.10723865337167     
  0.15800000000000000        441.55612366695237     
  0.16000000000000000        440.60353056644630     
  0.16200000000000001        440.05756273533586     
  0.16400000000000001        439.09982247952092     
  0.16600000000000001        438.55900180371935     
  0.16800000000000001        437.59611439259561     
  0.17000000000000001        437.06044087210279     
  0.17199999999999999        436.09240630567029     
  0.17399999999999999        435.56187994048622     
  0.17599999999999999        434.58869821874498     
  0.17799999999999999        434.06331900886971     
  0.17999999999999999        433.08499013181967     
  0.18200000000000000        432.56475807725320     
  0.18400000000000000        431.58128204489435     
  0.18600000000000000        431.06619714563669     
  0.18800000000000000        430.07757395796904     
  0.19000000000000000        429.56763621402013     
  0.19200000000000000        428.57386587104378     
  0.19400000000000001        428.06907528240362     
  0.19600000000000001        427.07015778411846     
  0.19800000000000001        426.57051435078711     
  0.20000000000000001        425.56644969719321     
  0.20200000000000001        425.07195341917060     
  0.20399999999999999        424.06274161026801     
  0.20599999999999999        423.57339248755409     
  0.20799999999999999        422.55903352334280     
  0.20999999999999999        422.07483155593752     
  0.21199999999999999        421.05532543641755     
  0.21400000000000000        420.57627062432090     
  0.21600000000000000        419.55161734949229     
  0.21800000000000000        419.07770969270427     
  0.22000000000000000        418.04790926256698     
  0.22200000000000000        417.57914876108759     
  0.22400000000000000        416.54420117564166     
  0.22600000000000001        416.08058782947097     
  0.22800000000000001        415.04049308871640     
  0.23000000000000001        414.58202689785435     
  0.23200000000000001        413.53678500179115     
  0.23400000000000001        413.08346596623772     
  0.23599999999999999        412.03307691486589     
  0.23799999999999999        411.58490503462110     
  0.23999999999999999        410.52936882794063     
  0.24199999999999999        410.08634410300448     
  0.24399999999999999        409.02566074101537     
  0.24600000000000000        408.58778317138780     
  0.24800000000000000        407.52195265409011     
  0.25000000000000000        407.08922223977112     
  0.25200000000000000        406.01824456716480     
  0.25400000000000000        405.59066130815444     
  0.25600000000000001        404.51453648023949     
  0.25800000000000001        404.09210037653776     
  0.26000000000000001        403.01082839331423     
  0.26200000000000001        402.59353944492108     
  0.26400000000000001        401.50712030638897     
  0.26600000000000001        401.09497851330434     
  0.26800000000000002        400.00341221946377     
  0.27000000000000002        399.59641758168766     
  0.27200000000000002        398.49970413253845     
  0.27400000000000002        398.09785665007087     
  0.27600000000000002        396.99599604561314     
  0.27800000000000002        396.59929571845413     
  0.28000000000000003        395.49228795868783     
  0.28199999999999997        395.10073478683734     
  0.28399999999999997        393.98857987176251     
  0.28599999999999998        393.60217385522054     
  0.28799999999999998        392.48487178483720     
  0.28999999999999998        392.10361292360375     
  0.29199999999999998        390.98116369791182     
  0.29399999999999998        390.60505199198695     
  0.29599999999999999        389.47745561098645     
  0.29799999999999999        389.10649106037016     
  0.29999999999999999        387.97374752406114     
  0.30199999999999999        387.60793012875331     
  0.30399999999999999        386.47003943713577     
  0.30599999999999999        386.10936919713646     
  0.30800000000000000        384.96633135021045     
  0.31000000000000000        384.61080826551967     
  0.31200000000000000        383.46262326328508     
  0.31400000000000000        383.11224733390287     
  0.31600000000000000        381.95891517635977     
  0.31800000000000000        381.61368640228608     
  0.32000000000000001        380.45520708943440     
  0.32200000000000001        380.11512547066928     
  0.32400000000000001        378.95149900250897     
  0.32600000000000001        378.61656453905249     
  0.32800000000000001        377.44779091558354     
  0.33000000000000002        377.11800360743570     
  0.33200000000000002        375.94408282865811     
  0.33400000000000002        375.61944267581890     
  0.33600000000000002        374.44037474173268     
  0.33800000000000002        374.12088174420211     
  0.34000000000000002        372.93666665480725     
  0.34200000000000003        372.62232081258526     
  0.34399999999999997        371.43295856788177     
  0.34599999999999997        371.12375988096841     
  0.34799999999999998        369.92925048095628     
  0.34999999999999998        369.62519894935156     
  0.35199999999999998        368.42554239403074     
  0.35399999999999998        368.12663801773471     
  0.35599999999999998        366.92183430710520     
  0.35799999999999998        366.62807708611791     
  0.35999999999999999        365.41812622017966     
  0.36199999999999999        365.12951615450112     
  0.36399999999999999        363.91441813325417     
  0.36599999999999999        363.63095522288438     
  0.36799999999999999        362.41071004632857     
  0.37000000000000000        362.13239429126764     
  0.37200000000000000        360.90700195940303     
  0.37400000000000000        360.63383335965085     
  0.37600000000000000        359.40329387247749     
  0.37800000000000000        359.13527242803406     
  0.38000000000000000        357.89958578555195     
  0.38200000000000001        357.63671149641732     
  0.38400000000000001        356.39587769862635     
  0.38600000000000001        356.13815056480053     
  0.38800000000000001        354.89216961170081     
  0.39000000000000001        354.63958963318373     
  0.39200000000000002        353.38846152477527     
  0.39400000000000002        353.14102870156694     
  0.39600000000000002        351.88475343784967     
  0.39800000000000002        351.64246776995020     
  0.40000000000000002        350.38104535092413     
  0.40200000000000002        350.14390683833346     
  0.40400000000000003        348.87733726399853     
  0.40600000000000003        348.64534590671667     
  0.40799999999999997        347.37362917707287     
  0.40999999999999998        347.14678497509988     
  0.41199999999999998        345.86992109014727     
  0.41399999999999998        345.64822404348308     
  0.41599999999999998        344.36621300322167     
  0.41799999999999998        344.14966311186623     
  0.41999999999999998        342.86250491629607     
  0.42199999999999999        342.65110218024938     
  0.42399999999999999        341.35879682937048     
  0.42599999999999999        341.15254124863253     
  0.42799999999999999        339.85508874244482     
  0.42999999999999999        339.65398031701574     
  0.43200000000000000        338.35138065551922     
  0.43400000000000000        338.15541938539894     
  0.43600000000000000        336.84767256859357     
  0.43800000000000000        336.65685845378215     
  0.44000000000000000        335.34396448166791     
  0.44200000000000000        335.15829752216524     
  0.44400000000000001        333.84025639474225     
  0.44600000000000001        333.65973659054839     
  0.44800000000000001        332.33654830781660     
  0.45000000000000001        332.16117565893154     
  0.45200000000000001        330.83284022089089     
  0.45400000000000001        330.66261472731469     
  0.45600000000000002        329.32913213396523     
  0.45800000000000002        329.16405379569784     
  0.46000000000000002        327.82542404703963     
  0.46200000000000002        327.66549286408105     
  0.46400000000000002        326.32171596011403     
  0.46600000000000003        326.16693193246419     
  0.46800000000000003        324.81800787318838     
  0.46999999999999997        324.66837100084734     
  0.47199999999999998        323.31429978626272     
  0.47399999999999998        323.16981006923049     
  0.47599999999999998        321.81059169933707     
  0.47799999999999998        321.67124913761364     
  0.47999999999999998        320.30688361241141     
  0.48199999999999998        320.17268820599679     
  0.48399999999999999        318.80317552548576     
  0.48599999999999999        318.67412727437994     
  0.48799999999999999        317.29946743856010     
  0.48999999999999999        317.17556634276303     
  0.49199999999999999        315.79575935163450     
  0.49399999999999999        315.67700541114618     
  0.49600000000000000        314.29205126470885     
  0.49800000000000000        314.17844447952933     
