  0.50124999999999997        312.70018853136889     
  0.50249999999999995        312.69483515064394     
  0.50375000000000003        312.62725525552224     
  0.50500000000000000        312.62174552677118     
  0.50624999999999998        312.55432197967565     
  0.50749999999999995        312.54865590289847     
  0.50875000000000004        312.48138870382900     
  0.51000000000000001        312.47556627902571     
  0.51124999999999998        312.40845542798240     
  0.51249999999999996        312.40247665515301     
  0.51375000000000004        312.33552215213581     
  0.51500000000000001        312.32938703128031     
  0.51624999999999999        312.26258887628921     
  0.51749999999999996        312.25629740740754     
  0.51875000000000004        312.18965560044256     
  0.52000000000000002        312.18320778353478     
  0.52124999999999999        312.11672232459597     
  0.52249999999999996        312.11011815966202     
  0.52375000000000005        312.04378904874937     
  0.52500000000000002        312.03702853578920     
  0.52625000000000000        311.97085577290278     
  0.52749999999999997        311.96393891191644     
  0.52875000000000005        311.89792249705619     
  0.53000000000000003        311.89084928804368     
  0.53125000000000000        311.82498922120965     
  0.53249999999999997        311.81775966417098     
  0.53374999999999995        311.75205594536305     
  0.53500000000000003        311.74467004029822     
  0.53625000000000000        311.67912266951646     
  0.53749999999999998        311.67158041642546     
  0.53874999999999995        311.60618939366987     
  0.54000000000000004        311.59849079255270     
  0.54125000000000001        311.53325611782321     
  0.54249999999999998        311.52540116867993     
  0.54374999999999996        311.46032284197656     
  0.54500000000000004        311.45231154480723     
  0.54625000000000001        311.38738956612997     
  0.54749999999999999        311.37922192093453     
  0.54874999999999996        311.31445629028337     
  0.55000000000000004        311.30613229706182     
  0.55125000000000002        311.24152301443678     
  0.55249999999999999        311.23304267318912     
  0.55374999999999996        311.16858973859024     
  0.55500000000000005        311.15995304931641     
  0.55625000000000002        311.09565646274365     
  0.55750000000000000        311.08686342544371     
  0.55874999999999997        311.02272318689700     
  0.56000000000000005        311.01377380157101     
  0.56125000000000003        310.94978991105040     
  0.56250000000000000        310.94068417769824     
  0.56374999999999997        310.87685663520375     
  0.56499999999999995        310.86759455382548     
  0.56625000000000003        310.80392335935716     
  0.56750000000000000        310.79450492995272     
  0.56874999999999998        310.73099008351051     
  0.56999999999999995        310.72141530607996     
  0.57125000000000004        310.65805680766391     
  0.57250000000000001        310.64832568220720     
  0.57374999999999998        310.58512353181726     
  0.57499999999999996        310.57523605833444     
  0.57625000000000004        310.51219025597067     
  0.57750000000000001        310.50214643446174     
  0.57874999999999999        310.43925698012407     
  0.57999999999999996        310.42905681058897     
  0.58125000000000004        310.36632370427748     
  0.58250000000000002        310.35596718671621     
  0.58374999999999999        310.29339042843094     
  0.58499999999999996        310.28287756284351     
  0.58625000000000005        310.22045715258440     
  0.58750000000000002        310.20978793897086     
  0.58875000000000000        310.14752387673792     
  0.58999999999999997        310.13669831509816     
  0.59125000000000005        310.07459060089138     
  0.59250000000000003        310.06360869122551     
  0.59375000000000000        310.00165732504485     
  0.59499999999999997        309.99051906735286     
  0.59624999999999995        309.92872404919837     
  0.59750000000000003        309.91742944348016     
  0.59875000000000000        309.85579077335183     
  0.59999999999999998        309.84433981960740     
  0.60124999999999995        309.78285749750529     
  0.60250000000000004        309.77125019573469     
  0.60375000000000001        309.70992422165875     
  0.60499999999999998        309.69816057186199     
  0.60624999999999996        309.63699094581227     
  0.60750000000000004        309.62507094798929     
  0.60875000000000001        309.56405766996579     
  0.60999999999999999        309.55198132411658     
  0.61124999999999996        309.49112439411931     
  0.61250000000000004        309.47889170024388     
  0.61375000000000002        309.41819111827283     
  0.61499999999999999        309.40580207637117     
  0.61624999999999996        309.34525784242635     
  0.61750000000000005        309.33271245249853     
  0.61875000000000002        309.27232456657987     
  0.62000000000000000        309.25962282862588     
  0.62124999999999997        309.19939129073339     
  0.62250000000000005        309.18653320475323     
  0.62375000000000003        309.12645801488691     
  0.62500000000000000        309.11344358088058     
  0.62624999999999997        309.05352473904043     
  0.62749999999999995        309.04035395700794     
  0.62875000000000003        308.98059146319395     
  0.63000000000000000        308.96726433313529     
  0.63124999999999998        308.90765818734747     
  0.63249999999999995        308.89417470926264     
  0.63375000000000004        308.83472491150098     
  0.63500000000000001        308.82108508539000     
  0.63624999999999998        308.76179163565450     
  0.63749999999999996        308.74799546151729     
  0.63875000000000004        308.68885835980802     
  0.64000000000000001        308.67490583764459     
  0.64124999999999999        308.61592508396160     
  0.64249999999999996        308.60181621377194     
  0.64375000000000004        308.54299180811518     
  0.64500000000000002        308.52872658989935     
  0.64624999999999999        308.47005853226875     
  0.64749999999999996        308.45563696602676     
  0.64875000000000005        308.39712525642227     
  0.65000000000000002        308.38254734215417     
  0.65125000000000000        308.32419198057585     
  0.65249999999999997        308.30945771828158     
  0.65375000000000005        308.25125870472942     
  0.65500000000000003        308.23636809440899     
  0.65625000000000000        308.17832542888300     
  0.65749999999999997        308.16327847053640     
  0.65874999999999995        308.10539215303658     
  0.66000000000000003        308.09018884666386     
  0.66125000000000000        308.03245887719009     
  0.66249999999999998        308.01709922279127     
  0.66374999999999995        307.95952560134367     
  0.66500000000000004        307.94400959891868     
  0.66625000000000001        307.88659232549725     
  0.66749999999999998        307.87091997504615     
  0.66874999999999996        307.81365904965082     
  0.67000000000000004        307.79783035117362     
  0.67125000000000001        307.74072577380440     
  0.67249999999999999        307.72474072730108     
  0.67374999999999996        307.66779249795798     
  0.67500000000000004        307.65165110342861     
  0.67625000000000002        307.59485922211161     
  0.67749999999999999        307.57856147955602     
  0.67874999999999996        307.52192594626518     
  0.68000000000000005        307.50547185568348     
  0.68125000000000002        307.44899267041876     
  0.68250000000000000        307.43238223181095     
  0.68374999999999997        307.37605939457234     
  0.68500000000000005        307.35929260793841     
  0.68625000000000003        307.30312611872597     
  0.68750000000000000        307.28620298406594     
  0.68874999999999997        307.23019284287960     
  0.68999999999999995        307.21311336019340     
  0.69125000000000003        307.15725956703324     
  0.69250000000000000        307.14002373632087     
  0.69374999999999998        307.08432629118693     
  0.69499999999999995        307.06693411244834     
  0.69625000000000004        307.01139301534050     
  0.69750000000000001        306.99384448857580     
  0.69874999999999998        306.93845973949414     
  0.69999999999999996        306.92075486470327     
  0.70125000000000004        306.86552646364777     
  0.70250000000000001        306.84766524083085     
  0.70374999999999999        306.79259318780140     
  0.70499999999999996        306.77457561695837     
  0.70625000000000004        306.71965991195503     
  0.70750000000000002        306.70148599308590     
  0.70874999999999999        306.64672663610861     
  0.70999999999999996        306.62839636921342     
  0.71125000000000005        306.57379336026224     
  0.71250000000000002        306.55530674534100     
  0.71375000000000000        306.50086008441588     
  0.71499999999999997        306.48221712146852     
  0.71625000000000005        306.42792680856951     
  0.71750000000000003        306.40912749759599     
  0.71875000000000000        306.35499353272309     
  0.71999999999999997        306.33603787372346     
  0.72124999999999995        306.28206025687672     
  0.72250000000000003        306.26294824985098     
  0.72375000000000000        306.20912698103035     
  0.72499999999999998        306.18985862597850     
  0.72624999999999995        306.13619370518398     
  0.72750000000000004        306.11676900210597     
  0.72875000000000001        306.06326042933762     
  0.72999999999999998        306.04367937823343     
  0.73124999999999996        305.99032715349125     
  0.73250000000000004        305.97058975436096     
  0.73375000000000001        305.91739387764488     
  0.73499999999999999        305.89750013048848     
  0.73624999999999996        305.84446060179852     
  0.73750000000000004        305.82441050661600     
  0.73875000000000002        305.77152732595215     
  0.73999999999999999        305.75132088274353     
  0.74124999999999996        305.69859405010578     
  0.74250000000000005        305.67823125887099     
  0.74375000000000002        305.62566077425942     
  0.74500000000000000        305.60514163499846     
  0.74624999999999997        305.55272749841299     
  0.74750000000000005        305.53205201112593     
  0.74875000000000003        305.47979422256657     
  0.75000000000000000        305.45896238725339     
  0.75124999999999997        305.40686094672014     
  0.75249999999999995        305.38587276338086     
  0.75375000000000003        305.33392767087378     
  0.75500000000000000        305.31278313950838     
  0.75624999999999998        305.26099439502735     
  0.75749999999999995        305.23969351563591     
  0.75875000000000004        305.18806111918099     
  0.76000000000000001        305.16660389176343     
  0.76124999999999998        305.11512784333456     
  0.76249999999999996        305.09351426789095     
  0.76375000000000004        305.04219456748814     
  0.76500000000000001        305.02042464401853     
  0.76624999999999999        304.96926129164177     
  0.76749999999999996        304.94733502014606     
  0.76875000000000004        304.89632801579540     
  0.77000000000000002        304.87424539627358     
  0.77124999999999999        304.82339473994904     
  0.77249999999999996        304.80115577240116     
  0.77375000000000005        304.75046146410267     
  0.77500000000000002        304.72806614852874     
  0.77625000000000000        304.67752818825630     
  0.77749999999999997        304.65497652465626     
  0.77875000000000005        304.60459491240994     
  0.78000000000000003        304.58188690078379     
  0.78125000000000000        304.53166163656357     
  0.78249999999999997        304.50879727691125     
  0.78374999999999995        304.45872836071715     
  0.78500000000000003        304.43570765303883     
  0.78625000000000000        304.38579508487072     
  0.78749999999999998        304.36261802916636     
  0.78874999999999995        304.31286180902435     
  0.79000000000000004        304.28952840529394     
  0.79125000000000001        304.23992853317793     
  0.79249999999999998        304.21643878142146     
  0.79374999999999996        304.16699525733151     
  0.79500000000000004        304.14334915754904     
  0.79625000000000001        304.09406198148508     
  0.79749999999999999        304.07025953367662     
  0.79874999999999996        304.02112870563866     
  0.80000000000000004        303.99716990980420     
  0.80125000000000002        303.94819542979224     
  0.80249999999999999        303.92408028593178     
  0.80374999999999996        303.87526215394581     
  0.80500000000000005        303.85099066205936     
  0.80625000000000002        303.80232887809939     
  0.80750000000000000        303.77790103818694     
  0.80874999999999997        303.72939560225296     
  0.81000000000000005        303.70481141431452     
  0.81125000000000003        303.65646232640648     
  0.81250000000000000        303.63172179044210     
  0.81374999999999997        303.58352905056006     
  0.81499999999999995        303.55863216656968     
  0.81625000000000003        303.51059577471364     
  0.81750000000000000        303.48554254269726     
  0.81874999999999998        303.43766249886721     
  0.81999999999999995        303.41245291882478     
  0.82125000000000004        303.36472922302079     
  0.82250000000000001        303.33936329495231     
  0.82374999999999998        303.29179594717431     
  0.82499999999999996        303.26627367107983     
  0.82625000000000004        303.21886267132788     
  0.82750000000000001        303.19318404720735     
  0.82874999999999999        303.14592939548146     
  0.82999999999999996        303.12009442333488     
  0.83125000000000004        303.07299611963504     
  0.83250000000000002        303.04700479946240     
  0.83374999999999999        303.00006284378856     
  0.83499999999999996        302.97391517558992     
  0.83625000000000005        302.92712956794207     
  0.83750000000000002        302.90082555171745     
  0.83875000000000000        302.85419629209554     
  0.83999999999999997        302.82773592784491     
  0.84125000000000005        302.78126301624906     
  0.84250000000000003        302.75464630397238     
  0.84375000000000000        302.70832974040258     
  0.84499999999999997        302.68155668009985     
  0.84624999999999995        302.63539646455604     
  0.84750000000000003        302.60846705622725     
  0.84875000000000000        302.56246318870950     
  0.84999999999999998        302.53537743235472     
  0.85124999999999995        302.48952991286302     
  0.85250000000000004        302.46228780848213     
  0.85375000000000001        302.41659663701654     
  0.85499999999999998        302.38919818460948     
  0.85624999999999996        302.34366336117006     
  0.85750000000000004        302.31610856073684     
  0.85875000000000001        302.27073008532358     
  0.85999999999999999        302.24301893686425     
  0.86124999999999996        302.19779680947710     
  0.86250000000000004        302.16992931299160     
  0.86375000000000002        302.12486353363067     
  0.86499999999999999        302.09683968911895     
  0.86624999999999996        302.05193025778425     
  0.86750000000000005        302.02375006524630     
  0.86875000000000002        301.97899698193777     
  0.87000000000000000        301.95066044137366     
  0.87124999999999997        301.90606370609129     
  0.87250000000000005        301.87757081750101     
  0.87375000000000003        301.83313043024486     
  0.87500000000000000        301.80448119362836     
  0.87624999999999997        301.76019715439844     
  0.87749999999999995        301.73139156975571     
  0.87875000000000003        301.68726387855202     
  0.88000000000000000        301.65830194588307     
  0.88124999999999998        301.61433060270559     
  0.88249999999999995        301.58521232201042     
  0.88375000000000004        301.54139732685917     
  0.88500000000000001        301.51212269813777     
  0.88624999999999998        301.46846405101275     
  0.88749999999999996        301.43903307426518     
  0.88875000000000004        301.39553077516632     
  0.89000000000000001        301.36594345039254     
  0.89124999999999999        301.32259749931984     
  0.89249999999999996        301.29285382651994     
  0.89375000000000004        301.24966422347336     
  0.89500000000000002        301.21976420264730     
  0.89624999999999999        301.17673094762688     
  0.89749999999999996        301.14667457877465     
  0.89875000000000005        301.10379767178040     
  0.90000000000000002        301.07358495490206     
  0.90125000000000000        301.03086439593392     
  0.90249999999999997        301.00049533102941     
  0.90375000000000005        300.95793112008749     
  0.90500000000000003        300.92740570715682     
  0.90625000000000000        300.88499784424107     
  0.90749999999999997        300.85431608328423     
  0.90874999999999995        300.81206456839465     
  0.91000000000000003        300.78122645941164     
  0.91125000000000000        300.73913129254817     
  0.91249999999999998        300.70813683553905     
  0.91374999999999995        300.66619801670174     
  0.91500000000000004        300.63504721166646     
  0.91625000000000001        300.59326474085532     
  0.91749999999999998        300.56195758779393     
  0.91874999999999996        300.52033146500889     
  0.92000000000000004        300.48886796392134     
  0.92125000000000001        300.44739818916253     
  0.92249999999999999        300.41577834004875     
  0.92374999999999996        300.37446491331616     
  0.92500000000000004        300.34268871617616     
  0.92625000000000002        300.30153163746974     
  0.92749999999999999        300.26959909230357     
  0.92874999999999996        300.22859836162331     
  0.93000000000000005        300.19650946843097     
  0.93125000000000002        300.15566508577689     
  0.93250000000000000        300.12341984455838     
  0.93374999999999997        300.08273180993046     
  0.93500000000000005        300.05033022068579     
  0.93625000000000003        300.00979853408404     
  0.93750000000000000        299.97724059681326     
  0.93874999999999997        299.93686525823762     
  0.93999999999999995        299.90415097294073     
  0.94125000000000003        299.86393198239119     
  0.94250000000000000        299.83106134906814     
  0.94374999999999998        299.79099870654471     
  0.94499999999999995        299.75797172519555     
  0.94625000000000004        299.71806543069829     
  0.94750000000000001        299.68488210132296     
  0.94874999999999998        299.64513215485186     
  0.94999999999999996        299.61179247745036     
  0.95125000000000004        299.57219887900544     
  0.95250000000000001        299.53870285357783     
  0.95374999999999999        299.49926560315896     
  0.95499999999999996        299.46561322970530     
  0.95625000000000004        299.42633232731254     
  0.95750000000000002        299.39252360583276     
  0.95874999999999999        299.35339905146606     
  0.95999999999999996        299.31943398196023     
  0.96125000000000005        299.28046577561963     
  0.96250000000000002        299.24634435808770     
  0.96375000000000000        299.20753249977327     
  0.96499999999999997        299.17325473421516     
  0.96625000000000005        299.13459922392690     
  0.96750000000000003        299.10016511034263     
  0.96875000000000000        299.06166594808047     
  0.96999999999999997        299.02707548647015     
  0.97124999999999995        298.98873267223411     
  0.97250000000000003        298.95398586259768     
  0.97375000000000000        298.91579939638768     
  0.97499999999999998        298.88089623872520     
  0.97624999999999995        298.84286612054126     
  0.97750000000000004        298.80780661485267     
  0.97875000000000001        298.76993284469478     
  0.97999999999999998        298.73471699098013     
  0.98124999999999996        298.69699956884836     
  0.98250000000000004        298.66162736710760     
  0.98375000000000001        298.62406629300193     
  0.98499999999999999        298.58853774323507     
  0.98624999999999996        298.55113301715551     
  0.98750000000000004        298.51544811936253     
  0.98875000000000002        298.47819974130908     
  0.98999999999999999        298.44235849549000     
  0.99124999999999996        298.40526646546260     
  0.99250000000000005        298.36926887161746     
  0.99375000000000002        298.33233318961618     
  0.99500000000000000        298.29617924774499     
  0.99624999999999997        298.25939991376976     
  0.99750000000000005        298.22308962387251     
  0.99875000000000003        298.18646663792327     
   1.0000000000000000        298.14999999999998     
