  0.52000000000000002        312.41535268772532     
  0.53000000000000003        311.87881779521700     
  0.54000000000000004        311.82096299240345     
  0.55000000000000004        311.29461278265450     
  0.56000000000000005        311.22657329708153     
  0.56999999999999995        310.71040777009205     
  0.57999999999999996        310.63218360175961     
  0.58999999999999997        310.12620275752954     
  0.59999999999999998        310.03779390643774     
  0.60999999999999999        309.54199774496703     
  0.62000000000000000        309.44340421111582     
  0.63000000000000000        308.95779273240458     
  0.64000000000000001        308.84901451579395     
  0.65000000000000002        308.37358771984213     
  0.66000000000000003        308.25462482047209     
  0.67000000000000004        307.78938270727969     
  0.68000000000000005        307.66023512515022     
  0.68999999999999995        307.20517769471724     
  0.69999999999999996        307.06584542982830     
  0.70999999999999996        306.62097268215479     
  0.71999999999999997        306.47145573450649     
  0.72999999999999998        306.03676766959239     
  0.73999999999999999        305.87706603918468     
  0.75000000000000000        305.45256265702994     
  0.76000000000000001        305.28267634386287     
  0.77000000000000002        304.86835764446755     
  0.78000000000000003        304.68828664854101     
  0.79000000000000004        304.28415263190516     
  0.80000000000000004        304.09389695321914     
  0.81000000000000005        303.69994761934271     
  0.81999999999999995        303.49950725789728     
  0.82999999999999996        303.11574260678032     
  0.83999999999999997        302.90511756257541     
  0.84999999999999998        302.53153759421792     
  0.85999999999999999        302.31072786725355     
  0.87000000000000000        301.94733258165559     
  0.88000000000000000        301.71633817193162     
  0.89000000000000001        301.36312756909325     
  0.90000000000000002        301.12194847660970     
  0.91000000000000003        300.77892255653086     
  0.92000000000000004        300.52755878128778     
  0.93000000000000005        300.19471754396847     
  0.93999999999999995        299.93316908596586     
  0.94999999999999996        299.61051253140607     
  0.95999999999999996        299.33877939064394     
  0.96999999999999997        299.02630751884368     
  0.97999999999999998        298.74438969532196     
  0.98999999999999999        298.44210250628129     
   1.0000000000000000        298.14999999999998     
